from.id	from.cord	to.id	to.cord
500	20000000	504	20160000
510	20400000	515	20600000
557	22280000	564	22560000
566	22640000	581	23240000
590	23600000	713	28520000
723	28920000	728	29120000
730	29200000	759	30360000
772	30880000	810	32400000
822	32880000	866	34640000
868	34720000	1098	43920000
1100	44000000	1155	46200000
1156	46240000	1167	46680000
1168	46720000	1175	47000000
1176	47040000	1229	49160000
1230	49200000	1357	54280000
1358	54320000	1371	54840000
1372	54880000	1382	55280000
1383	55320000	1407	56280000
1409	56360000	1452	58080000
1454	58160000	1464	58560000
1465	58600000	1491	59640000
1492	59680000	1541	61640000
1542	61680000	1587	63480000
1588	63520000	1603	64120000
1604	64160000	1631	65240000
1632	65280000	1684	67360000
1689	67560000	1708	68320000
1709	68360000	1719	68760000
1720	68800000	1735	69400000
1736	69440000	1811	72440000
1812	72480000	1822	72880000
1824	72960000	1851	74040000
1852	74080000	1912	76480000
1913	76520000	1955	78200000
