from.id	from.cord	to.id	to.cord
0	0	7	280000
10	400000	15	600000
16	640000	42	1680000
43	1720000	57	2280000
58	2320000	68	2720000
69	2760000	90	3600000
91	3640000	125	5000000
126	5040000	173	6920000
174	6960000	210	8400000
211	8440000	217	8680000
218	8720000	270	10800000
271	10840000	386	15440000
387	15480000	399	15960000
400	16000000	424	16960000
425	17000000	453	18120000
454	18160000	473	18920000
478	19120000	509	20360000
511	20440000	539	21560000
542	21680000	556	22240000
631	25240000	721	28840000
722	28880000	758	30320000
759	30360000	854	34160000
855	34200000	862	34480000
870	34800000	915	36600000
916	36640000	944	37760000
945	37800000	999	39960000
1000	40000000	1012	40480000
1013	40520000	1024	40960000
1025	41000000	1032	41280000
1033	41320000	1049	41960000
1050	42000000	1085	43400000
1086	43440000	1089	43560000
1091	43640000	1107	44280000
1121	44840000	1133	45320000
1134	45360000	1180	47200000
1181	47240000	1188	47520000
1190	47600000	1208	48320000
1209	48360000	1212	48480000
1214	48560000	1280	51200000
1281	51240000	1332	53280000
1333	53320000	1343	53720000
1344	53760000	1375	55000000
1376	55040000	1423	56920000
1424	56960000	1471	58840000
1472	58880000	1505	60200000
1506	60240000	1553	62120000
1556	62240000	1561	62440000
1570	62800000	1648	65920000
1656	66240000	1661	66440000
1663	66520000	1667	66680000
1672	66880000	1721	68840000
1722	68880000	1732	69280000
1733	69320000	1748	69920000
1749	69960000	1788	71520000
1789	71560000	1925	77000000
