from.id	from.cord	to.id	to.cord
2	80000	91	3640000
92	3680000	132	5280000
133	5320000	181	7240000
182	7280000	212	8480000
213	8520000	355	14200000
356	14240000	416	16640000
417	16680000	462	18480000
463	18520000	537	21480000
538	21520000	563	22520000
564	22560000	582	23280000
583	23320000	641	25640000
642	25680000	683	27320000
684	27360000	711	28440000
712	28480000	848	33920000
849	33960000	926	37040000
927	37080000	978	39120000
979	39160000	1106	44240000
1107	44280000	1147	45880000
1148	45920000	1168	46720000
1169	46760000	1198	47920000
1199	47960000	1258	50320000
1259	50360000	1304	52160000
1305	52200000	1336	53440000
1337	53480000	1367	54680000
1368	54720000	1414	56560000
1415	56600000	1437	57480000
1438	57520000	1464	58560000
1465	58600000	1654	66160000
1658	66320000	1674	66960000
1675	67000000	1727	69080000
1728	69120000	1890	75600000
1897	75880000	1900	76000000
1901	76040000	1993	79720000
1994	79760000	2021	80840000
2022	80880000	2046	81840000
2047	81880000	2146	85840000
2147	85880000	2187	87480000
2188	87520000	2211	88440000
2212	88480000	2233	89320000
2234	89360000	2262	90480000
2339	93560000	2343	93720000
2344	93760000	2423	96920000
2424	96960000	2568	102720000
2569	102760000	2617	104680000
2618	104720000	2712	108480000
2713	108520000	2754	110160000
2755	110200000	2969	118760000
2970	118800000	3023	120920000
3024	120960000	3098	123920000
3099	123960000	3208	128320000
3209	128360000	3243	129720000
3245	129800000	3274	130960000
3275	131000000	3325	133000000
3327	133080000	3348	133920000
3349	133960000	3391	135640000
3392	135680000	3524	140960000
3525	141000000	3614	144560000
3615	144600000	3632	145280000
3633	145320000	3683	147320000
3684	147360000	3753	150120000
3754	150160000	3812	152480000
3813	152520000	3878	155120000
3879	155160000	4034	161360000
4035	161400000	4113	164520000
4130	165200000	4133	165320000
4139	165560000	4143	165720000
4155	166200000	4158	166320000
4186	167440000	4189	167560000
4207	168280000	4210	168400000
4285	171400000	4289	171560000
4292	171680000	4298	171920000
4340	173600000	4343	173720000
4348	173920000	4401	176040000
4402	176080000	4424	176960000
4425	177000000	4485	179400000
4486	179440000	4519	180760000
4520	180800000	4565	182600000
4566	182640000	4713	188520000
4714	188560000	4751	190040000
4752	190080000	4848	193920000
4849	193960000	4865	194600000
