from.id	from.cord	to.id	to.cord
0	0	957	38280000
958	38320000	968	38720000
970	38800000	979	39160000
984	39360000	1033	41320000
1034	41360000	1296	51840000
1297	51880000	1320	52800000
1321	52840000	1339	53560000
1340	53600000	1353	54120000
1354	54160000	1373	54920000
1374	54960000	1418	56720000
1419	56760000	1447	57880000
1448	57920000	1467	58680000
1468	58720000	1514	60560000
1515	60600000	1549	61960000
1550	62000000	1589	63560000
1590	63600000	1618	64720000
1619	64760000	1661	66440000
1662	66480000	1684	67360000
1685	67400000	1695	67800000
1696	67840000	1724	68960000
1725	69000000	1806	72240000
1807	72280000	1822	72880000
1823	72920000	1837	73480000
1838	73520000	1880	75200000
1881	75240000	2091	83640000
2092	83680000	2140	85600000
2141	85640000	2168	86720000
2173	86920000	2181	87240000
2182	87280000	2260	90400000
2261	90440000	2315	92600000
2316	92640000	2340	93600000
2341	93640000	2387	95480000
