from.id	from.cord	to.id	to.cord
1	40000	12	480000
13	520000	72	2880000
73	2920000	179	7160000
181	7240000	457	18280000
458	18320000	488	19520000
489	19560000	543	21720000
544	21760000	568	22720000
569	22760000	611	24440000
612	24480000	680	27200000
681	27240000	740	29600000
741	29640000	777	31080000
778	31120000	785	31400000
786	31440000	823	32920000
824	32960000	861	34440000
862	34480000	871	34840000
947	37880000	968	38720000
973	38920000	976	39040000
978	39120000	982	39280000
984	39360000	1004	40160000
1006	40240000	1022	40880000
1027	41080000	1032	41280000
1034	41360000	1040	41600000
1042	41680000	1045	41800000
1047	41880000	1077	43080000
1083	43320000	1087	43480000
1091	43640000	1214	48560000
1215	48600000	1276	51040000
1277	51080000	1306	52240000
1307	52280000	1533	61320000
1534	61360000	1591	63640000
1592	63680000	1641	65640000
1642	65680000	1699	67960000
1700	68000000	1827	73080000
1828	73120000	1855	74200000
1856	74240000	1888	75520000
1889	75560000	1931	77240000
1932	77280000	1954	78160000
1955	78200000	2090	83600000
2091	83640000	2146	85840000
2147	85880000	2210	88400000
2211	88440000	2285	91400000
2286	91440000	2322	92880000
2323	92920000	2341	93640000
2342	93680000	2404	96160000
2405	96200000	2437	97480000
2438	97520000	2475	99000000
2476	99040000	2512	100480000
2513	100520000	2548	101920000
2549	101960000	2587	103480000
2588	103520000	2621	104840000
2622	104880000	2628	105120000
2629	105160000	2659	106360000
2660	106400000	2946	117840000
2947	117880000	2984	119360000
2985	119400000	3015	120600000
3016	120640000	3048	121920000
3049	121960000	3181	127240000
3182	127280000	3210	128400000
3211	128440000	3221	128840000
3222	128880000	3263	130520000
