from.id	from.cord	to.id	to.cord
7	280000	30	1200000
31	1240000	116	4640000
117	4680000	142	5680000
143	5720000	169	6760000
170	6800000	191	7640000
192	7680000	251	10040000
252	10080000	318	12720000
319	12760000	399	15960000
400	16000000	403	16120000
404	16160000	439	17560000
440	17600000	496	19840000
497	19880000	547	21880000
548	21920000	690	27600000
691	27640000	810	32400000
811	32440000	832	33280000
839	33560000	843	33720000
890	35600000	893	35720000
902	36080000	905	36200000
920	36800000	938	37520000
939	37560000	969	38760000
975	39000000	979	39160000
1102	44080000	1105	44200000
1119	44760000	1122	44880000
1708	68320000	1712	68480000
1774	70960000	1832	73280000
1834	73360000	2308	92320000
2317	92680000	2545	101800000
2546	101840000	2602	104080000
2606	104240000	2637	105480000
2638	105520000	2667	106680000
2668	106720000	2712	108480000
2713	108520000	2751	110040000
