from.id	from.cord	to.id	to.cord
503	20120000	980	39200000
983	39320000	989	39560000
992	39680000	998	39920000
999	39960000	1017	40680000
1018	40720000	1061	42440000
1062	42480000	1119	44760000
1120	44800000	1163	46520000
1164	46560000	1222	48880000
1223	48920000	1268	50720000
1269	50760000	1403	56120000
1404	56160000	1453	58120000
1454	58160000	1481	59240000
1482	59280000	1492	59680000
1493	59720000	1523	60920000
1524	60960000	1557	62280000
1558	62320000	1630	65200000
1631	65240000	1640	65600000
1641	65640000	1745	69800000
1746	69840000	1801	72040000
1802	72080000	1840	73600000
1841	73640000	1868	74720000
1869	74760000	1941	77640000
1942	77680000	1962	78480000
1963	78520000	1967	78680000
1968	78720000	1984	79360000
1985	79400000	2013	80520000
2014	80560000	2054	82160000
2055	82200000	2091	83640000
2092	83680000	2134	85360000
2135	85400000	2160	86400000
2161	86440000	2185	87400000
