from.id	from.cord	to.id	to.cord
67	2680000	93	3720000
96	3840000	164	6560000
165	6600000	190	7600000
192	7680000	216	8640000
219	8760000	267	10680000
270	10800000	464	18560000
465	18600000	490	19600000
491	19640000	555	22200000
556	22240000	575	23000000
576	23040000	762	30480000
763	30520000	808	32320000
809	32360000	842	33680000
843	33720000	880	35200000
881	35240000	927	37080000
929	37160000	1102	44080000
1103	44120000	1160	46400000
1161	46440000	1205	48200000
1207	48280000	1228	49120000
1234	49360000	1245	49800000
1246	49840000	1284	51360000
1290	51600000	1297	51880000
1299	51960000	1302	52080000
1314	52560000	1317	52680000
1325	53000000	1330	53200000
1331	53240000	1377	55080000
1378	55120000	1386	55440000
1389	55560000	1412	56480000
1413	56520000	1416	56640000
1417	56680000	1461	58440000
1542	61680000	1558	62320000
1562	62480000	1568	62720000
1571	62840000	1634	65360000
1635	65400000	1723	68920000
1724	68960000	1732	69280000
1733	69320000	1740	69600000
1741	69640000	1772	70880000
1775	71000000	1798	71920000
1805	72200000	1837	73480000
1838	73520000	1875	75000000
1876	75040000	1887	75480000
1888	75520000	1906	76240000
1907	76280000	1915	76600000
1917	76680000	1995	79800000
1996	79840000	2025	81000000
2026	81040000	2034	81360000
2035	81400000	2075	83000000
2079	83160000	2124	84960000
2125	85000000	2161	86440000
2162	86480000	2186	87440000
2187	87480000	2199	87960000
2200	88000000	2209	88360000
2210	88400000	2215	88600000
2230	89200000	2233	89320000
2235	89400000	2254	90160000
2256	90240000	2268	90720000
2270	90800000	2275	91000000
2277	91080000	2291	91640000
2294	91760000	2299	91960000
2301	92040000	2312	92480000
2313	92520000	2327	93080000
2328	93120000	2360	94400000
2361	94440000	2421	96840000
2428	97120000	2494	99760000
2516	100640000	2519	100760000
2524	100960000	2535	101400000
2543	101720000	2577	103080000
2578	103120000	2602	104080000
2603	104120000	2639	105560000
2640	105600000	2711	108440000
2712	108480000	2723	108920000
2724	108960000	2748	109920000
2749	109960000	2765	110600000
2766	110640000	2802	112080000
2803	112120000	2837	113480000
2839	113560000	2843	113720000
2844	113760000	2865	114600000
2866	114640000	2873	114920000
2875	115000000	2891	115640000
2893	115720000	2896	115840000
2897	115880000	2933	117320000
2934	117360000	2978	119120000
2983	119320000	2988	119520000
2989	119560000	2999	119960000
3003	120120000	3046	121840000
3047	121880000	3058	122320000
3060	122400000	3094	123760000
3096	123840000	3112	124480000
3114	124560000	3146	125840000
3147	125880000	3175	127000000
3176	127040000	3197	127880000
3198	127920000	3210	128400000
3211	128440000	3220	128800000
3224	128960000	3286	131440000
3287	131480000	3300	132000000
3301	132040000	3353	134120000
3360	134400000	3370	134800000
3374	134960000	3432	137280000
3433	137320000	3494	139760000
3495	139800000	3501	140040000
3505	140200000	3513	140520000
3517	140680000	3578	143120000
3584	143360000	3587	143480000
3589	143560000	3609	144360000
3610	144400000	3619	144760000
