from.id	from.cord	to.id	to.cord
2	80000	30	1200000
31	1240000	80	3200000
81	3240000	122	4880000
123	4920000	234	9360000
235	9400000	255	10200000
256	10240000	288	11520000
289	11560000	341	13640000
342	13680000	363	14520000
364	14560000	421	16840000
422	16880000	444	17760000
457	18280000	473	18920000
474	18960000	550	22000000
551	22040000	594	23760000
595	23800000	634	25360000
635	25400000	733	29320000
734	29360000	755	30200000
756	30240000	782	31280000
783	31320000	824	32960000
825	33000000	894	35760000
895	35800000	940	37600000
941	37640000	970	38800000
972	38880000	978	39120000
1059	42360000	1063	42520000
1065	42600000	1071	42840000
1072	42880000	1155	46200000
1173	46920000	1178	47120000
1188	47520000	1191	47640000
1207	48280000	1216	48640000
1234	49360000	1251	50040000
1252	50080000	1261	50440000
1262	50480000	1269	50760000
1270	50800000	1278	51120000
1300	52000000	1397	55880000
1398	55920000	1441	57640000
1442	57680000	1478	59120000
1479	59160000	1525	61000000
1526	61040000	1802	72080000
1803	72120000	1883	75320000
1884	75360000	1900	76000000
1901	76040000	1917	76680000
1918	76720000	2156	86240000
2157	86280000	2174	86960000
2175	87000000	2190	87600000
2191	87640000	2214	88560000
2215	88600000	2225	89000000
2231	89240000	2260	90400000
2261	90440000	2314	92560000
2315	92600000	2449	97960000
2450	98000000	2483	99320000
2484	99360000	2546	101840000
2547	101880000	2572	102880000
2573	102920000	2640	105600000
2641	105640000	2652	106080000
2653	106120000	2701	108040000
2702	108080000	2866	114640000
2867	114680000	2957	118280000
2967	118680000	2970	118800000
2972	118880000	2975	119000000
2976	119040000	2979	119160000
3008	120320000	3011	120440000
3046	121840000	3049	121960000
3098	123920000	3101	124040000
3103	124120000	3112	124480000
3113	124520000	3116	124640000
3123	124920000	3126	125040000
3129	125160000	3146	125840000
3148	125920000	3185	127400000
3186	127440000	3208	128320000
3209	128360000	3215	128600000
