from.id	from.cord	to.id	to.cord
4	160000	8	320000
9	360000	53	2120000
55	2200000	105	4200000
106	4240000	125	5000000
126	5040000	170	6800000
172	6880000	175	7000000
207	8280000	216	8640000
220	8800000	224	8960000
226	9040000	297	11880000
309	12360000	329	13160000
340	13600000	343	13720000
344	13760000	378	15120000
379	15160000	476	19040000
477	19080000	532	21280000
533	21320000	536	21440000
537	21480000	575	23000000
576	23040000	623	24920000
624	24960000	742	29680000
743	29720000	782	31280000
783	31320000	790	31600000
791	31640000	816	32640000
817	32680000	864	34560000
865	34600000	943	37720000
944	37760000	981	39240000
982	39280000	1023	40920000
1024	40960000	1087	43480000
1088	43520000	1095	43800000
1171	46840000	1178	47120000
1179	47160000	1201	48040000
1202	48080000	1276	51040000
1279	51160000	1282	51280000
1283	51320000	1287	51480000
1385	55400000	1388	55520000
1420	56800000	1424	56960000
1428	57120000	1431	57240000
1441	57640000	1492	59680000
1493	59720000	1532	61280000
1533	61320000	1594	63760000
1596	63840000	1631	65240000
1632	65280000	1764	70560000
1765	70600000	1835	73400000
1836	73440000	1881	75240000
1882	75280000	1949	77960000
1950	78000000	2013	80520000
2014	80560000	2089	83560000
2090	83600000	2163	86520000
2171	86840000	2211	88440000
2212	88480000	2264	90560000
2265	90600000	2302	92080000
2303	92120000	2382	95280000
2383	95320000	2401	96040000
2402	96080000	2414	96560000
2415	96600000	2709	108360000
2710	108400000	2757	110280000
2758	110320000	2824	112960000
2825	113000000	2856	114240000
2857	114280000	2915	116600000
2916	116640000	3006	120240000
3007	120280000	3052	122080000
3053	122120000	3117	124680000
3118	124720000	3279	131160000
3280	131200000	3308	132320000
3309	132360000	3317	132680000
3318	132720000	3331	133240000
3332	133280000	3355	134200000
3356	134240000	3382	135280000
3383	135320000	3539	141560000
