from.id	from.cord	to.id	to.cord
0	0	47	1880000
48	1920000	94	3760000
95	3800000	125	5000000
130	5200000	179	7160000
180	7200000	328	13120000
329	13160000	382	15280000
383	15320000	393	15720000
394	15760000	406	16240000
411	16440000	426	17040000
427	17080000	499	19960000
500	20000000	525	21000000
526	21040000	578	23120000
579	23160000	600	24000000
601	24040000	638	25520000
639	25560000	693	27720000
694	27760000	699	27960000
700	28000000	729	29160000
730	29200000	1002	40080000
1003	40120000	1054	42160000
1055	42200000	1079	43160000
1080	43200000	1097	43880000
1098	43920000	1148	45920000
1149	45960000	1193	47720000
1194	47760000	1353	54120000
1354	54160000	1376	55040000
1377	55080000	1399	55960000
1400	56000000	1605	64200000
1606	64240000	1632	65280000
1633	65320000	1650	66000000
1651	66040000	1669	66760000
1670	66800000	1711	68440000
1712	68480000	1766	70640000
1767	70680000	1794	71760000
1795	71800000	1826	73040000
1827	73080000	1841	73640000
1842	73680000	2021	80840000
2022	80880000	2127	85080000
2128	85120000	2139	85560000
2140	85600000	2176	87040000
2182	87280000	2186	87440000
2208	88320000	2238	89520000
2250	90000000	2256	90240000
2291	91640000	2304	92160000
2383	95320000	2401	96040000
2408	96320000	2447	97880000
2454	98160000	2675	107000000
2677	107080000	2752	110080000
2756	110240000	2762	110480000
2771	110840000	2774	110960000
2784	111360000	2801	112040000
2803	112120000	2812	112480000
2813	112520000	2827	113080000
2829	113160000	2841	113640000
2843	113720000	2846	113840000
2847	113880000	2936	117440000
2937	117480000	2940	117600000
2941	117640000	2961	118440000
2962	118480000	2967	118680000
2971	118840000	2978	119120000
2979	119160000	3032	121280000
3033	121320000	3054	122160000
3055	122200000	3129	125160000
3130	125200000	3279	131160000
3285	131400000	3299	131960000
3301	132040000	3392	135680000
3393	135720000	3442	137680000
3443	137720000	3563	142520000
3564	142560000	3586	143440000
3587	143480000	3600	144000000
3601	144040000	3742	149680000
3744	149760000	3777	151080000
3778	151120000	3781	151240000
3807	152280000	3813	152520000
3825	153000000	3829	153160000
3863	154520000	3866	154640000
3978	159120000	3981	159240000
3988	159520000	3992	159680000
4011	160440000	4076	163040000
4077	163080000	4127	165080000
4128	165120000	4466	178640000
4467	178680000	4482	179280000
4483	179320000	4512	180480000
4513	180520000	4862	194480000
4863	194520000	4935	197400000
4936	197440000	4951	198040000
4952	198080000	5104	204160000
5106	204240000	5192	207680000
5193	207720000	5290	211600000
5291	211640000	5342	213680000
5343	213720000	5508	220320000
5509	220360000	5555	222200000
5556	222240000	5578	223120000
5579	223160000	5685	227400000
5686	227440000	5789	231560000
5790	231600000	5849	233960000
5851	234040000	5891	235640000
5892	235680000	5902	236080000
