from.id	from.cord	to.id	to.cord
1	40000	13	520000
14	560000	38	1520000
42	1680000	98	3920000
99	3960000	138	5520000
139	5560000	152	6080000
153	6120000	199	7960000
200	8000000	290	11600000
291	11640000	361	14440000
362	14480000	416	16640000
417	16680000	439	17560000
440	17600000	501	20040000
502	20080000	542	21680000
543	21720000	585	23400000
586	23440000	603	24120000
604	24160000	633	25320000
634	25360000	643	25720000
645	25800000	649	25960000
651	26040000	657	26280000
735	29400000	741	29640000
746	29840000	749	29960000
754	30160000	758	30320000
824	32960000	827	33080000
839	33560000	851	34040000
852	34080000	860	34400000
861	34440000	891	35640000
892	35680000	975	39000000
976	39040000	1009	40360000
1010	40400000	1028	41120000
1029	41160000	1091	43640000
1092	43680000	1124	44960000
1125	45000000	1134	45360000
1136	45440000	1154	46160000
1155	46200000	1177	47080000
1178	47120000	1228	49120000
1229	49160000	1241	49640000
1242	49680000	1296	51840000
1297	51880000	1312	52480000
1313	52520000	1324	52960000
1325	53000000	1415	56600000
1416	56640000	1456	58240000
1457	58280000	1489	59560000
