from.id	from.cord	to.id	to.cord
2	80000	50	2000000
51	2040000	168	6720000
169	6760000	238	9520000
239	9560000	385	15400000
386	15440000	438	17520000
440	17600000	456	18240000
457	18280000	520	20800000
521	20840000	540	21600000
541	21640000	672	26880000
673	26920000	708	28320000
709	28360000	736	29440000
737	29480000	784	31360000
785	31400000	930	37200000
931	37240000	982	39280000
983	39320000	1159	46360000
1235	49400000	1489	59560000
1490	59600000	1521	60840000
1522	60880000	1570	62800000
1571	62840000	1613	64520000
1616	64640000	1659	66360000
1660	66400000	1697	67880000
1698	67920000	1714	68560000
1715	68600000	1720	68800000
1766	70640000	1775	71000000
1776	71040000	1784	71360000
1785	71400000	1827	73080000
1828	73120000	1969	78760000
1970	78800000	2031	81240000
2040	81600000	2043	81720000
2045	81800000	2048	81920000
2050	82000000	2053	82120000
2081	83240000	2084	83360000
2096	83840000	2102	84080000
2107	84280000	2111	84440000
2122	84880000	2125	85000000
2144	85760000	2148	85920000
2154	86160000	2157	86280000
2187	87480000	2190	87600000
2192	87680000	2283	91320000
2284	91360000	2287	91480000
2292	91680000	2375	95000000
2376	95040000	2388	95520000
2389	95560000	2412	96480000
2414	96560000	2485	99400000
2486	99440000	2521	100840000
2522	100880000	2576	103040000
2577	103080000	2685	107400000
2686	107440000	2715	108600000
2716	108640000	2758	110320000
2759	110360000	2815	112600000
2816	112640000	2871	114840000
2872	114880000	3015	120600000
3016	120640000	3039	121560000
3040	121600000	3116	124640000
3117	124680000	3160	126400000
3161	126440000	3194	127760000
3195	127800000	3261	130440000
3262	130480000	3392	135680000
3393	135720000	3430	137200000
3431	137240000	3457	138280000
3458	138320000	3469	138760000
3471	138840000	3492	139680000
3493	139720000	3674	146960000
3675	147000000	3796	151840000
3797	151880000	3839	153560000
3840	153600000	3900	156000000
3901	156040000	3936	157440000
3937	157480000	3966	158640000
3967	158680000	3981	159240000
3982	159280000	4041	161640000
4042	161680000	4106	164240000
4107	164280000	4120	164800000
4121	164840000	4194	167760000
4195	167800000	4257	170280000
4258	170320000	4344	173760000
4345	173800000	4375	175000000
4376	175040000	4392	175680000
