from.id	from.cord	to.id	to.cord
18	720000	63	2520000
67	2680000	84	3360000
86	3440000	95	3800000
100	4000000	118	4720000
119	4760000	166	6640000
167	6680000	186	7440000
187	7480000	221	8840000
222	8880000	300	12000000
301	12040000	323	12920000
345	13800000	365	14600000
366	14640000	389	15560000
390	15600000	427	17080000
429	17160000	438	17520000
439	17560000	459	18360000
460	18400000	470	18800000
472	18880000	528	21120000
529	21160000	541	21640000
542	21680000	566	22640000
567	22680000	606	24240000
609	24360000	653	26120000
654	26160000	713	28520000
714	28560000	746	29840000
750	30000000	785	31400000
786	31440000	794	31760000
798	31920000	832	33280000
833	33320000	894	35760000
895	35800000	928	37120000
929	37160000	970	38800000
971	38840000	996	39840000
997	39880000	1085	43400000
1086	43440000	1144	45760000
1145	45800000	1177	47080000
1178	47120000	1200	48000000
1201	48040000	1209	48360000
1210	48400000	1241	49640000
1242	49680000	1578	63120000
1579	63160000	1614	64560000
1615	64600000	1620	64800000
1621	64840000	1772	70880000
1773	70920000	1821	72840000
1822	72880000	1925	77000000
1926	77040000	1965	78600000
1966	78640000	2030	81200000
2031	81240000	2227	89080000
2228	89120000	2274	90960000
2275	91000000	2314	92560000
2315	92600000	2405	96200000
2406	96240000	2410	96400000
2411	96440000	2415	96600000
2416	96640000	2420	96800000
2421	96840000	2437	97480000
2438	97520000	2455	98200000
2469	98760000	2472	98880000
2473	98920000	2476	99040000
2514	100560000	2517	100680000
2534	101360000	2537	101480000
2579	103160000	2582	103280000
2590	103600000	2593	103720000
2600	104000000	2603	104120000
2607	104280000	2718	108720000
2725	109000000	2882	115280000
2883	115320000	2900	116000000
2901	116040000	2917	116680000
2918	116720000	2951	118040000
2952	118080000	2986	119440000
2987	119480000	3008	120320000
3009	120360000	3016	120640000
3027	121080000	3031	121240000
3563	142520000	3567	142680000
3598	143920000	3601	144040000
3620	144800000	3632	145280000
3634	145360000	3645	145800000
3669	146760000	3674	146960000
3678	147120000	3685	147400000
3725	149000000	3734	149360000
3741	149640000	3744	149760000
3746	149840000	4283	171320000
4284	171360000	4287	171480000
4288	171520000	4465	178600000
4466	178640000	4486	179440000
4487	179480000	4921	196840000
4922	196880000	4972	198880000
4973	198920000	5057	202280000
5058	202320000	5133	205320000
5134	205360000	5147	205880000
5152	206080000	5158	206320000
5162	206480000	5203	208120000
5204	208160000	5264	210560000
5265	210600000	5308	212320000
5309	212360000	5353	214120000
5354	214160000	5452	218080000
5453	218120000	5504	220160000
5505	220200000	5519	220760000
5520	220800000	5529	221160000
