Chr	Start	End	DCI_Score	Coordinate	ClosestTAD	Distance
chr1	1320000	1360000	8.578795109693289	(1320000, 0)	(1320000, 0)	0.0
chr1	4080000	4120000	8.749200006437656	(4080000, 0)	(4080000, 0)	0.0
chr1	4120000	4160000	8.304265920459077	(4120000, 0)	(4120000, 0)	0.0
chr1	4280000	4320000	7.157846316608333	(4280000, 0)	(4280000, 0)	0.0
chr1	4320000	4360000	7.4902687376790515	(4320000, 0)	(4320000, 0)	0.0
chr1	4440000	4480000	7.768089886600799	(4440000, 0)	(4440000, 0)	0.0
chr1	4560000	4600000	11.840852330910812	(4560000, 0)	(4560000, 0)	0.0
chr1	4600000	4640000	9.536683875567087	(4600000, 0)	(4600000, 0)	0.0
chr1	4720000	4760000	8.03453334393926	(4720000, 0)	(4720000, 0)	0.0
chr1	4800000	4840000	8.25434624371062	(4800000, 0)	(4760000, 0)	40000.0
chr1	4880000	4920000	11.255002319231098	(4880000, 0)	(4880000, 0)	0.0
chr1	5240000	5280000	7.659203345937022	(5240000, 0)	(5200000, 0)	40000.0
chr1	5400000	5440000	8.455652510806548	(5400000, 0)	(5400000, 0)	0.0
chr1	5480000	5520000	10.232626692849099	(5480000, 0)	(5480000, 0)	0.0
chr1	19320000	19360000	14.217328495366758	(19320000, 0)	(19320000, 0)	0.0
chr1	48440000	48480000	7.207516695175631	(48440000, 0)	(48440000, 0)	0.0
chr1	49440000	49480000	9.31823710316461	(49440000, 0)	(49440000, 0)	0.0
chr1	49560000	49600000	7.331318242631843	(49560000, 0)	(49560000, 0)	0.0
chr1	49720000	49760000	7.984617846270202	(49720000, 0)	(49680000, 0)	40000.0
chr1	52040000	52080000	9.527998586819617	(52040000, 0)	(52080000, 0)	40000.0
chr1	110160000	110200000	8.01987659151084	(110160000, 0)	(110160000, 0)	0.0
chr1	111440000	111480000	7.298798216354818	(111440000, 0)	(111440000, 0)	0.0
chr1	152440000	152480000	7.496718810662387	(152440000, 0)	(152480000, 0)	40000.0
chr1	154560000	154600000	7.690715078921992	(154560000, 0)	(154560000, 0)	0.0
chr1	224440000	224480000	7.690524460722907	(224440000, 0)	(224400000, 0)	40000.0
chr1	226960000	227000000	8.832938225612171	(226960000, 0)	(226960000, 0)	0.0
chr1	228240000	228280000	10.084699227502671	(228240000, 0)	(228200000, 0)	40000.0
chr1	228280000	228320000	10.67682557955226	(228280000, 0)	(228280000, 0)	0.0
chr2	1800000	1840000	7.827362768111371	(1800000, 0)	(1800000, 0)	0.0
chr2	3400000	3440000	9.046684893850156	(3400000, 0)	(3400000, 0)	0.0
chr2	3440000	3480000	9.422928969032736	(3440000, 0)	(3440000, 0)	0.0
chr2	3480000	3520000	11.304160710979845	(3480000, 0)	(3480000, 0)	0.0
chr2	9360000	9400000	8.45393195698288	(9360000, 0)	(9360000, 0)	0.0
chr2	10680000	10720000	11.197221539068956	(10680000, 0)	(10720000, 0)	40000.0
chr2	28480000	28520000	12.06879852464889	(28480000, 0)	(28520000, 0)	40000.0
chr2	30240000	30280000	8.454235034002465	(30240000, 0)	(30200000, 0)	40000.0
chr2	32320000	32360000	12.78961895127448	(32320000, 0)	(32280000, 0)	40000.0
chr2	32360000	32400000	11.017648684450355	(32360000, 0)	(32360000, 0)	0.0
chr2	42760000	42800000	13.649677444490251	(42760000, 0)	(42760000, 0)	0.0
chr2	61160000	61200000	7.528505831785487	(61160000, 0)	(61160000, 0)	0.0
chr2	85600000	85640000	11.014931318715446	(85600000, 0)	(85560000, 0)	40000.0
chr2	98000000	98040000	7.743169653476381	(98000000, 0)	(98000000, 0)	0.0
chr2	98560000	98600000	7.453132335527017	(98560000, 0)	(98600000, 0)	40000.0
chr2	113000000	113040000	7.563298595446866	(113000000, 0)	(113000000, 0)	0.0
chr2	114080000	114120000	7.536906906601397	(114080000, 0)	(114080000, 0)	0.0
chr2	127080000	127120000	9.903103333211977	(127080000, 0)	(127040000, 0)	40000.0
chr2	134960000	135000000	8.657125362379434	(134960000, 0)	(134960000, 0)	0.0
chr2	158840000	158880000	8.028925745347598	(158840000, 0)	(158840000, 0)	0.0
chr2	191440000	191480000	8.575724420462146	(191440000, 0)	(191440000, 0)	0.0
chr2	202560000	202600000	10.901936563607046	(202560000, 0)	(202520000, 0)	40000.0
chr2	237880000	237920000	8.645902171354585	(237880000, 0)	(237840000, 0)	40000.0
chr2	241160000	241200000	9.087069177089566	(241160000, 0)	(241120000, 0)	40000.0
chr3	5480000	5520000	8.897242755035476	(5480000, 0)	(5520000, 0)	40000.0
chr3	5560000	5600000	10.1712877202163	(5560000, 0)	(5560000, 0)	0.0
chr3	5720000	5760000	9.91876531306291	(5720000, 0)	(5680000, 0)	40000.0
chr3	6480000	6520000	7.698696502590793	(6480000, 0)	(6480000, 0)	0.0
chr3	13840000	13880000	9.466317353743447	(13840000, 0)	(13880000, 0)	40000.0
chr3	14120000	14160000	8.173848225210904	(14120000, 0)	(14120000, 0)	0.0
chr3	20000000	20040000	8.175412726074097	(20000000, 0)	(20040000, 0)	40000.0
chr3	44880000	44920000	9.308301767150118	(44880000, 0)	(44920000, 0)	40000.0
chr3	47280000	47320000	8.180385230556675	(47280000, 0)	(47280000, 0)	0.0
chr3	47840000	47880000	8.497356513728375	(47840000, 0)	(47800000, 0)	40000.0
chr3	48600000	48640000	8.835048816537418	(48600000, 0)	(48560000, 0)	40000.0
chr3	48640000	48680000	9.250154198252675	(48640000, 0)	(48640000, 0)	0.0
chr3	49680000	49720000	10.756318217526871	(49680000, 0)	(49680000, 0)	0.0
chr3	51360000	51400000	7.444753040281457	(51360000, 0)	(51360000, 0)	0.0
chr3	51440000	51480000	9.150157359253235	(51440000, 0)	(51440000, 0)	0.0
chr3	51680000	51720000	11.870819992712471	(51680000, 0)	(51640000, 0)	40000.0
chr3	58120000	58160000	8.71908299716541	(58120000, 0)	(58120000, 0)	0.0
chr3	73120000	73160000	8.851696160763266	(73120000, 0)	(73120000, 0)	0.0
chr3	75320000	75360000	7.5388480259953745	(75320000, 0)	(75320000, 0)	0.0
chr3	105880000	105920000	8.064523791351872	(105880000, 0)	(105880000, 0)	0.0
chr3	128880000	128920000	12.767582943508533	(128880000, 0)	(128880000, 0)	0.0
chr3	129320000	129360000	10.613264564669931	(129320000, 0)	(129320000, 0)	0.0
chr3	172680000	172720000	9.047633227615576	(172680000, 0)	(172680000, 0)	0.0
chr3	196520000	196560000	10.399590578788748	(196520000, 0)	(196560000, 0)	40000.0
chr4	560000	600000	9.739454605167898	(560000, 0)	(520000, 0)	40000.0
chr4	800000	840000	10.613893339829707	(800000, 0)	(800000, 0)	0.0
chr4	880000	920000	9.753185275837945	(880000, 0)	(880000, 0)	0.0
chr4	960000	1000000	8.497292066771347	(960000, 0)	(960000, 0)	0.0
chr4	1000000	1040000	8.004700144026359	(1000000, 0)	(1000000, 0)	0.0
chr4	3480000	3520000	11.454532851686034	(3480000, 0)	(3480000, 0)	0.0
chr4	9680000	9720000	12.222917565051127	(9680000, 0)	(9680000, 0)	0.0
chr4	10120000	10160000	10.91696433614722	(10120000, 0)	(10120000, 0)	0.0
chr4	108000000	108040000	8.087915573707335	(108000000, 0)	(107960000, 0)	40000.0
chr4	159800000	159840000	8.90242738617475	(159800000, 0)	(159840000, 0)	40000.0
chr5	3080000	3120000	8.336423042175582	(3080000, 0)	(3120000, 0)	40000.0
chr5	3360000	3400000	9.235951487298923	(3360000, 0)	(3320000, 0)	40000.0
chr5	3560000	3600000	9.081859761942988	(3560000, 0)	(3560000, 0)	0.0
chr5	3600000	3640000	11.01396704137633	(3600000, 0)	(3600000, 0)	0.0
chr5	3720000	3760000	8.38279635914048	(3720000, 0)	(3680000, 0)	40000.0
chr5	3800000	3840000	7.545055137397256	(3800000, 0)	(3760000, 0)	40000.0
chr5	3840000	3880000	10.726952567479444	(3840000, 0)	(3840000, 0)	0.0
chr5	3920000	3960000	10.503410711030329	(3920000, 0)	(3920000, 0)	0.0
chr5	4040000	4080000	9.964380245247607	(4040000, 0)	(4040000, 0)	0.0
chr5	4120000	4160000	9.167381372084304	(4120000, 0)	(4120000, 0)	0.0
chr5	4200000	4240000	7.0863944303147335	(4200000, 0)	(4160000, 0)	40000.0
chr5	65800000	65840000	9.01383029941462	(65800000, 0)	(65800000, 0)	0.0
chr5	79800000	79840000	7.731696439491582	(79800000, 0)	(79840000, 0)	40000.0
chr5	178200000	178240000	13.364015911284154	(178200000, 0)	(178200000, 0)	0.0
chr6	16200000	16240000	8.829797699551893	(16200000, 0)	(16160000, 0)	40000.0
chr6	77960000	78000000	7.043211903512004	(77960000, 0)	(77920000, 0)	40000.0
chr6	88320000	88360000	7.712102728422451	(88320000, 0)	(88320000, 0)	0.0
chr6	130960000	131000000	7.25788530880155	(130960000, 0)	(131000000, 0)	40000.0
chr6	151360000	151400000	12.121091785967845	(151360000, 0)	(151360000, 0)	0.0
chr6	160040000	160080000	7.0460469210257575	(160040000, 0)	(160040000, 0)	0.0
chr6	163280000	163320000	7.5812271308478625	(163280000, 0)	(163320000, 0)	40000.0
chr6	163600000	163640000	9.875223049255156	(163600000, 0)	(163600000, 0)	0.0
chr6	163720000	163760000	8.343293807242812	(163720000, 0)	(163680000, 0)	40000.0
chr7	44680000	44720000	11.420729547261354	(44680000, 0)	(44680000, 0)	0.0
chr7	44960000	45000000	8.006668138103095	(44960000, 0)	(44960000, 0)	0.0
chr7	45880000	45920000	7.7746017219649675	(45880000, 0)	(45880000, 0)	0.0
chr7	54680000	54720000	10.547287500025721	(54680000, 0)	(54680000, 0)	0.0
chr7	56280000	56320000	9.918851162896688	(56280000, 0)	(56240000, 0)	40000.0
chr7	56320000	56360000	7.94074952308746	(56320000, 0)	(56320000, 0)	0.0
chr7	56400000	56440000	7.742548553199251	(56400000, 0)	(56400000, 0)	0.0
chr7	56480000	56520000	10.943504822274916	(56480000, 0)	(56480000, 0)	0.0
chr7	56760000	56800000	8.031095258470073	(56760000, 0)	(56720000, 0)	40000.0
chr7	57200000	57240000	7.45661021707459	(57200000, 0)	(57200000, 0)	0.0
chr7	57360000	57400000	7.163899738445605	(57360000, 0)	(57360000, 0)	0.0
chr7	63880000	63920000	7.3581633186562625	(63880000, 0)	(63880000, 0)	0.0
chr7	64000000	64040000	9.942049300586454	(64000000, 0)	(64000000, 0)	0.0
chr7	64080000	64120000	9.916521832499587	(64080000, 0)	(64120000, 0)	40000.0
chr7	64240000	64280000	11.331899804515631	(64240000, 0)	(64240000, 0)	0.0
chr7	64400000	64440000	7.727170879168026	(64400000, 0)	(64360000, 0)	40000.0
chr7	64440000	64480000	7.420845175540544	(64440000, 0)	(64440000, 0)	0.0
chr7	64560000	64600000	7.813197356480892	(64560000, 0)	(64560000, 0)	0.0
chr7	64720000	64760000	9.654889481058989	(64720000, 0)	(64720000, 0)	0.0
chr7	64760000	64800000	9.58871876170371	(64760000, 0)	(64760000, 0)	0.0
chr7	64840000	64880000	11.247808070523169	(64840000, 0)	(64840000, 0)	0.0
chr7	67800000	67840000	10.85267329328515	(67800000, 0)	(67800000, 0)	0.0
chr7	67880000	67920000	9.879141156635855	(67880000, 0)	(67880000, 0)	0.0
chr7	67960000	68000000	13.126702222591977	(67960000, 0)	(67960000, 0)	0.0
chr7	68080000	68120000	15.79751197635002	(68080000, 0)	(68080000, 0)	0.0
chr7	68120000	68160000	11.212979306002426	(68120000, 0)	(68120000, 0)	0.0
chr7	68240000	68280000	12.2425005811179	(68240000, 0)	(68240000, 0)	0.0
chr7	68640000	68680000	7.595905295524325	(68640000, 0)	(68640000, 0)	0.0
chr7	68720000	68760000	11.508915732365658	(68720000, 0)	(68720000, 0)	0.0
chr7	68840000	68880000	9.492989188567805	(68840000, 0)	(68800000, 0)	40000.0
chr7	69120000	69160000	9.382401772581748	(69120000, 0)	(69160000, 0)	40000.0
chr7	69240000	69280000	7.122297772160818	(69240000, 0)	(69240000, 0)	0.0
chr7	152800000	152840000	9.342294473336283	(152800000, 0)	(152800000, 0)	0.0
chr7	153320000	153360000	7.622481204921869	(153320000, 0)	(153320000, 0)	0.0
chr7	153360000	153400000	13.930765087407151	(153360000, 0)	(153360000, 0)	0.0
chr7	153440000	153480000	10.714909157542149	(153440000, 0)	(153440000, 0)	0.0
chr7	154200000	154240000	8.642377588534872	(154200000, 0)	(154200000, 0)	0.0
chr7	154280000	154320000	9.917045918913168	(154280000, 0)	(154320000, 0)	40000.0
chr7	154600000	154640000	7.241111621344658	(154600000, 0)	(154600000, 0)	0.0
chr7	154680000	154720000	7.796722788772517	(154680000, 0)	(154720000, 0)	40000.0
chr7	154800000	154840000	7.0376554037082295	(154800000, 0)	(154840000, 0)	40000.0
chr7	155960000	156000000	9.963305492061798	(155960000, 0)	(155920000, 0)	40000.0
chr7	156040000	156080000	15.857146824242834	(156040000, 0)	(156040000, 0)	0.0
chr7	157920000	157960000	8.504359755542081	(157920000, 0)	(157920000, 0)	0.0
chr7	158000000	158040000	8.358778682383267	(158000000, 0)	(158000000, 0)	0.0
chr8	2600000	2640000	10.486674789025864	(2600000, 0)	(2600000, 0)	0.0
chr8	2680000	2720000	9.504429259675657	(2680000, 0)	(2680000, 0)	0.0
chr8	2880000	2920000	8.547808062787357	(2880000, 0)	(2920000, 0)	40000.0
chr8	3120000	3160000	8.125330963430136	(3120000, 0)	(3080000, 0)	40000.0
chr8	3320000	3360000	9.156953598032224	(3320000, 0)	(3320000, 0)	0.0
chr8	3480000	3520000	11.257718575687537	(3480000, 0)	(3480000, 0)	0.0
chr8	3560000	3600000	8.274705687221358	(3560000, 0)	(3560000, 0)	0.0
chr8	3720000	3760000	10.733072803129556	(3720000, 0)	(3680000, 0)	40000.0
chr8	3840000	3880000	7.792677484167317	(3840000, 0)	(3840000, 0)	0.0
chr8	3920000	3960000	11.305912846759135	(3920000, 0)	(3880000, 0)	40000.0
chr8	4120000	4160000	8.612614183271276	(4120000, 0)	(4120000, 0)	0.0
chr8	4320000	4360000	8.99070932857114	(4320000, 0)	(4320000, 0)	0.0
chr8	4360000	4400000	7.591692895994218	(4360000, 0)	(4360000, 0)	0.0
chr8	4600000	4640000	7.5606502168307195	(4600000, 0)	(4600000, 0)	0.0
chr8	43120000	43160000	7.043643613554332	(43120000, 0)	(43120000, 0)	0.0
chr8	43200000	43240000	8.730915954750747	(43200000, 0)	(43200000, 0)	0.0
chr8	43320000	43360000	8.06808859834217	(43320000, 0)	(43320000, 0)	0.0
chr8	43400000	43440000	9.761929464435598	(43400000, 0)	(43440000, 0)	40000.0
chr8	46120000	46160000	8.815487922520227	(46120000, 0)	(46120000, 0)	0.0
chr8	46200000	46240000	11.990626764091775	(46200000, 0)	(46200000, 0)	0.0
chr8	46240000	46280000	9.129262622854867	(46240000, 0)	(46240000, 0)	0.0
chr8	46400000	46440000	7.478173888422551	(46400000, 0)	(46400000, 0)	0.0
chr8	46680000	46720000	8.440162747221219	(46680000, 0)	(46680000, 0)	0.0
chr8	46760000	46800000	9.355879934554961	(46760000, 0)	(46760000, 0)	0.0
chr8	47760000	47800000	8.983057779150279	(47760000, 0)	(47720000, 0)	40000.0
chr8	57240000	57280000	7.1710374145511615	(57240000, 0)	(57240000, 0)	0.0
chr8	96320000	96360000	8.705848009555911	(96320000, 0)	(96320000, 0)	0.0
chr8	122640000	122680000	7.182321506707325	(122640000, 0)	(122640000, 0)	0.0
chr8	133480000	133520000	8.010771487580497	(133480000, 0)	(133480000, 0)	0.0
chr8	134280000	134320000	7.228026006059984	(134280000, 0)	(134320000, 0)	40000.0
chr8	137920000	137960000	11.379233653802318	(137920000, 0)	(137920000, 0)	0.0
chr8	138000000	138040000	12.473802426515087	(138000000, 0)	(138040000, 0)	40000.0
chr8	138080000	138120000	9.069337564641067	(138080000, 0)	(138040000, 0)	40000.0
chr8	138160000	138200000	9.508096156449474	(138160000, 0)	(138160000, 0)	0.0
chr8	138240000	138280000	11.004212514325333	(138240000, 0)	(138240000, 0)	0.0
chr8	138280000	138320000	7.907943365681013	(138280000, 0)	(138280000, 0)	0.0
chr8	138480000	138520000	9.69883457778074	(138480000, 0)	(138480000, 0)	0.0
chr8	138600000	138640000	7.622968169364277	(138600000, 0)	(138600000, 0)	0.0
chr8	138640000	138680000	8.663490484657096	(138640000, 0)	(138640000, 0)	0.0
chr8	138720000	138760000	10.27232681969016	(138720000, 0)	(138720000, 0)	0.0
chr8	138800000	138840000	9.730148911839064	(138800000, 0)	(138800000, 0)	0.0
chr8	138840000	138880000	9.631751739303484	(138840000, 0)	(138840000, 0)	0.0
chr8	139000000	139040000	8.043766357367582	(139000000, 0)	(139040000, 0)	40000.0
chr8	139200000	139240000	8.945184060915876	(139200000, 0)	(139200000, 0)	0.0
chr8	139240000	139280000	10.508612021854436	(139240000, 0)	(139240000, 0)	0.0
chr8	139280000	139320000	9.219888122122093	(139280000, 0)	(139280000, 0)	0.0
chr8	139320000	139360000	11.747945656025795	(139320000, 0)	(139320000, 0)	0.0
chr8	139400000	139440000	18.178370051862586	(139400000, 0)	(139360000, 0)	40000.0
chr8	139440000	139480000	8.161068489431665	(139440000, 0)	(139440000, 0)	0.0
chr8	140640000	140680000	12.096959942306773	(140640000, 0)	(140600000, 0)	40000.0
chr8	142000000	142040000	9.709140271746687	(142000000, 0)	(142040000, 0)	40000.0
chr8	142120000	142160000	8.66648157432063	(142120000, 0)	(142120000, 0)	0.0
chr8	142720000	142760000	8.771773284789138	(142720000, 0)	(142760000, 0)	40000.0
chr8	143720000	143760000	7.2621336360408435	(143720000, 0)	(143720000, 0)	0.0
chr8	143800000	143840000	13.859170690400088	(143800000, 0)	(143800000, 0)	0.0
chr8	144280000	144320000	9.180294468642973	(144280000, 0)	(144280000, 0)	0.0
chr9	6760000	6800000	9.446743956372924	(6760000, 0)	(6800000, 0)	40000.0
chr9	16200000	16240000	7.5783196783316304	(16200000, 0)	(16240000, 0)	40000.0
chr9	33000000	33040000	9.260813988103315	(33000000, 0)	(33000000, 0)	0.0
chr9	83680000	83720000	8.209325660717441	(83680000, 0)	(83680000, 0)	0.0
chr9	94560000	94600000	10.550344879094895	(94560000, 0)	(94560000, 0)	0.0
chr9	96760000	96800000	7.0934211059441825	(96760000, 0)	(96720000, 0)	40000.0
chr9	137960000	138000000	9.320730245077351	(137960000, 0)	(137920000, 0)	40000.0
chr10	37680000	37720000	10.135620504487518	(37680000, 0)	(37680000, 0)	0.0
chr10	37720000	37760000	8.737299738685419	(37720000, 0)	(37720000, 0)	0.0
chr10	37760000	37800000	10.215118564865463	(37760000, 0)	(37760000, 0)	0.0
chr10	37800000	37840000	7.637446419190283	(37800000, 0)	(37800000, 0)	0.0
chr10	43440000	43480000	8.070358123159222	(43440000, 0)	(43440000, 0)	0.0
chr10	45360000	45400000	7.543615075923327	(45360000, 0)	(45320000, 0)	40000.0
chr10	73800000	73840000	11.441130597986806	(73800000, 0)	(73800000, 0)	0.0
chr10	79200000	79240000	8.362501853772429	(79200000, 0)	(79200000, 0)	0.0
chr10	85160000	85200000	7.2267866163460495	(85160000, 0)	(85120000, 0)	40000.0
chr10	127000000	127040000	11.908883771360633	(127000000, 0)	(127000000, 0)	0.0
chr10	128880000	128920000	7.289822569939332	(128880000, 0)	(128880000, 0)	0.0
chr10	130360000	130400000	8.999119803400909	(130360000, 0)	(130360000, 0)	0.0
chr10	130400000	130440000	8.64001303528243	(130400000, 0)	(130400000, 0)	0.0
chr10	130440000	130480000	11.887191837442172	(130440000, 0)	(130440000, 0)	0.0
chr10	130480000	130520000	7.853713162544439	(130480000, 0)	(130480000, 0)	0.0
chr10	130520000	130560000	9.790837306059938	(130520000, 0)	(130520000, 0)	0.0
chr10	130560000	130600000	15.633569354812794	(130560000, 0)	(130560000, 0)	0.0
chr10	130600000	130640000	7.386606908467924	(130600000, 0)	(130600000, 0)	0.0
chr10	130640000	130680000	15.18030894299745	(130640000, 0)	(130640000, 0)	0.0
chr10	130680000	130720000	13.333248616096759	(130680000, 0)	(130680000, 0)	0.0
chr10	130720000	130760000	9.868807420227409	(130720000, 0)	(130720000, 0)	0.0
chr10	130800000	130840000	9.361345388516268	(130800000, 0)	(130800000, 0)	0.0
chr10	131120000	131160000	7.2191527657903025	(131120000, 0)	(131120000, 0)	0.0
chr10	131160000	131200000	9.902262685599297	(131160000, 0)	(131160000, 0)	0.0
chr10	131240000	131280000	11.785108779829063	(131240000, 0)	(131240000, 0)	0.0
chr10	131760000	131800000	8.74442906006144	(131760000, 0)	(131760000, 0)	0.0
chr11	520000	560000	10.615656041000936	(520000, 0)	(520000, 0)	0.0
chr11	1160000	1200000	10.524246634214274	(1160000, 0)	(1160000, 0)	0.0
chr11	1200000	1240000	7.202600619034076	(1200000, 0)	(1200000, 0)	0.0
chr11	1280000	1320000	7.384333855941695	(1280000, 0)	(1240000, 0)	40000.0
chr11	1360000	1400000	9.09661543552113	(1360000, 0)	(1400000, 0)	40000.0
chr11	4160000	4200000	10.533634692309358	(4160000, 0)	(4160000, 0)	0.0
chr11	34120000	34160000	7.446943740827462	(34120000, 0)	(34120000, 0)	0.0
chr11	48520000	48560000	7.439859558998179	(48520000, 0)	(48520000, 0)	0.0
chr11	71880000	71920000	7.772253616494781	(71880000, 0)	(71920000, 0)	40000.0
chr11	117200000	117240000	7.874255029426781	(117200000, 0)	(117160000, 0)	40000.0
chr11	117280000	117320000	7.0879619599477275	(117280000, 0)	(117280000, 0)	0.0
chr12	5480000	5520000	8.572401332607592	(5480000, 0)	(5480000, 0)	0.0
chr12	31640000	31680000	7.2451717803277935	(31640000, 0)	(31640000, 0)	0.0
chr12	34200000	34240000	7.8689709420423535	(34200000, 0)	(34160000, 0)	40000.0
chr12	34320000	34360000	9.946646499774076	(34320000, 0)	(34320000, 0)	0.0
chr12	37400000	37440000	7.132989224233122	(37400000, 0)	(37400000, 0)	0.0
chr12	50440000	50480000	7.941262716487057	(50440000, 0)	(50440000, 0)	0.0
chr12	122200000	122240000	10.597497580837814	(122200000, 0)	(122240000, 0)	40000.0
chr12	124320000	124360000	9.235840982763523	(124320000, 0)	(124320000, 0)	0.0
chr12	124360000	124400000	9.550247336584388	(124360000, 0)	(124360000, 0)	0.0
chr12	126000000	126040000	7.7450505556293	(126000000, 0)	(125960000, 0)	40000.0
chr12	127880000	127920000	8.307225238999576	(127880000, 0)	(127880000, 0)	0.0
chr12	128040000	128080000	7.767520671418017	(128040000, 0)	(128000000, 0)	40000.0
chr12	128360000	128400000	7.8703914834269035	(128360000, 0)	(128400000, 0)	40000.0
chr12	128440000	128480000	8.949604526691292	(128440000, 0)	(128400000, 0)	40000.0
chr12	128560000	128600000	7.093041252050212	(128560000, 0)	(128560000, 0)	0.0
chr12	128720000	128760000	8.811656910048148	(128720000, 0)	(128720000, 0)	0.0
chr12	129040000	129080000	9.127943919477856	(129040000, 0)	(129000000, 0)	40000.0
chr12	129080000	129120000	8.172990448041428	(129080000, 0)	(129080000, 0)	0.0
chr12	129200000	129240000	8.527674611213866	(129200000, 0)	(129160000, 0)	40000.0
chr12	129240000	129280000	7.40878324997654	(129240000, 0)	(129240000, 0)	0.0
chr12	129320000	129360000	7.491864687523378	(129320000, 0)	(129360000, 0)	40000.0
chr12	129440000	129480000	8.233890828095339	(129440000, 0)	(129440000, 0)	0.0
chr12	129760000	129800000	7.071790376691755	(129760000, 0)	(129760000, 0)	0.0
chr12	130080000	130120000	7.158525098037624	(130080000, 0)	(130080000, 0)	0.0
chr12	130160000	130200000	8.294223621561589	(130160000, 0)	(130160000, 0)	0.0
chr12	130200000	130240000	14.66825722857659	(130200000, 0)	(130200000, 0)	0.0
chr12	130240000	130280000	8.272936793084453	(130240000, 0)	(130240000, 0)	0.0
chr12	130360000	130400000	8.597484147968226	(130360000, 0)	(130360000, 0)	0.0
chr12	130440000	130480000	7.766938022050222	(130440000, 0)	(130400000, 0)	40000.0
chr12	130520000	130560000	8.861317611909907	(130520000, 0)	(130520000, 0)	0.0
chr12	130600000	130640000	8.033153836561024	(130600000, 0)	(130560000, 0)	40000.0
chr12	132040000	132080000	7.026038422571437	(132040000, 0)	(132040000, 0)	0.0
chr12	132880000	132920000	10.942396919198428	(132880000, 0)	(132840000, 0)	40000.0
chr13	18720000	18760000	7.470818612152794	(18720000, 0)	(18720000, 0)	0.0
chr13	18840000	18880000	11.38936970085287	(18840000, 0)	(18840000, 0)	0.0
chr13	18920000	18960000	10.898532131692612	(18920000, 0)	(18920000, 0)	0.0
chr13	18960000	19000000	8.497429809451495	(18960000, 0)	(18960000, 0)	0.0
chr13	19040000	19080000	10.148247898240829	(19040000, 0)	(19040000, 0)	0.0
chr13	19160000	19200000	8.863185556110324	(19160000, 0)	(19160000, 0)	0.0
chr13	19240000	19280000	9.656549568801	(19240000, 0)	(19200000, 0)	40000.0
chr13	19360000	19400000	9.704072921993506	(19360000, 0)	(19360000, 0)	0.0
chr13	19480000	19520000	8.381334180120971	(19480000, 0)	(19480000, 0)	0.0
chr13	19520000	19560000	10.072404388327246	(19520000, 0)	(19520000, 0)	0.0
chr13	19600000	19640000	8.272737723662695	(19600000, 0)	(19600000, 0)	0.0
chr13	22960000	23000000	8.294196860528286	(22960000, 0)	(22960000, 0)	0.0
chr13	25000000	25040000	8.198003750986317	(25000000, 0)	(24960000, 0)	40000.0
chr13	112840000	112880000	9.202853650427134	(112840000, 0)	(112880000, 0)	40000.0
chr13	113920000	113960000	8.61908457556004	(113920000, 0)	(113920000, 0)	0.0
chr14	19800000	19840000	9.197058632688147	(19800000, 0)	(19840000, 0)	40000.0
chr14	34440000	34480000	7.566390578500572	(34440000, 0)	(34400000, 0)	40000.0
chr14	102920000	102960000	9.404475327085157	(102920000, 0)	(102920000, 0)	0.0
chr14	105360000	105400000	8.561458247905946	(105360000, 0)	(105360000, 0)	0.0
chr14	105760000	105800000	8.362067066846933	(105760000, 0)	(105800000, 0)	40000.0
chr14	105840000	105880000	9.768764922830393	(105840000, 0)	(105840000, 0)	0.0
chr14	105920000	105960000	8.933921716743766	(105920000, 0)	(105920000, 0)	0.0
chr15	42720000	42760000	7.683209176777225	(42720000, 0)	(42720000, 0)	0.0
chr15	72160000	72200000	7.61326718647684	(72160000, 0)	(72160000, 0)	0.0
chr15	72320000	72360000	9.16912254381349	(72320000, 0)	(72280000, 0)	40000.0
chr16	8280000	8320000	7.1525057940966095	(8280000, 0)	(8240000, 0)	40000.0
chr16	30720000	30760000	10.783375282759684	(30720000, 0)	(30720000, 0)	0.0
chr16	35400000	35440000	7.311519848701322	(35400000, 0)	(35360000, 0)	40000.0
chr16	89880000	89920000	9.706051368993279	(89880000, 0)	(89880000, 0)	0.0
chr16	89920000	89960000	11.308653487068126	(89920000, 0)	(89920000, 0)	0.0
chr17	1040000	1080000	8.552581806122546	(1040000, 0)	(1040000, 0)	0.0
chr17	1120000	1160000	9.196185058667892	(1120000, 0)	(1120000, 0)	0.0
chr17	5120000	5160000	9.29153162030072	(5120000, 0)	(5120000, 0)	0.0
chr17	18080000	18120000	8.412226787587306	(18080000, 0)	(18040000, 0)	40000.0
chr17	81160000	81200000	9.171038627840074	(81160000, 0)	(81160000, 0)	0.0
chr17	82080000	82120000	9.70377157614119	(82080000, 0)	(82080000, 0)	0.0
chr17	82360000	82400000	8.214104800492938	(82360000, 0)	(82400000, 0)	40000.0
chr18	13040000	13080000	7.116005295936809	(13040000, 0)	(13040000, 0)	0.0
chr18	14320000	14360000	10.050830452342632	(14320000, 0)	(14320000, 0)	0.0
chr18	78160000	78200000	7.411913777615252	(78160000, 0)	(78120000, 0)	40000.0
chr18	78200000	78240000	9.375638661260675	(78200000, 0)	(78200000, 0)	0.0
chr18	78320000	78360000	7.107695859010956	(78320000, 0)	(78360000, 0)	40000.0
chr18	78440000	78480000	9.01648156748786	(78440000, 0)	(78440000, 0)	0.0
chr18	79360000	79400000	8.589926834458259	(79360000, 0)	(79360000, 0)	0.0
chr18	79680000	79720000	14.030211008966413	(79680000, 0)	(79680000, 0)	0.0
chr19	1360000	1400000	7.127734617248286	(1360000, 0)	(1400000, 0)	40000.0
chr19	23880000	23920000	7.1421070754977825	(23880000, 0)	(23840000, 0)	40000.0
chr20	18000000	18040000	7.69767786715562	(18000000, 0)	(18000000, 0)	0.0
chr20	42960000	43000000	9.773321219281037	(42960000, 0)	(42920000, 0)	40000.0
chr20	43240000	43280000	7.663808306872878	(43240000, 0)	(43280000, 0)	40000.0
chr20	55880000	55920000	7.6383623573644055	(55880000, 0)	(55840000, 0)	40000.0
chr20	60960000	61000000	8.53807157260105	(60960000, 0)	(60920000, 0)	40000.0
chr21	29000000	29040000	10.120313577949032	(29000000, 0)	(28960000, 0)	40000.0
chr22	46760000	46800000	7.458063699362401	(46760000, 0)	(46760000, 0)	0.0
chr22	47320000	47360000	12.318301098514793	(47320000, 0)	(47280000, 0)	40000.0
chr22	48320000	48360000	8.003442965801177	(48320000, 0)	(48320000, 0)	0.0
chr22	49520000	49560000	7.109990709351647	(49520000, 0)	(49520000, 0)	0.0
