TR	statistic	pvalue	zscore	max_auc	re_rank	irwin_hall_pvalue
NR2C2	4.020	2.904e-05	2.521	0.638	0.038	2.561e-04
DNMT3B	2.807	2.496e-03	3.988	0.621	0.052	6.242e-04
FXR1	1.729	4.186e-02	3.388	0.650	0.053	6.640e-04
MYC	9.355	4.191e-21	1.735	0.645	0.057	8.403e-04
ZBTB33	3.768	8.220e-05	4.547	0.611	0.060	9.736e-04
HDAC1	3.649	1.316e-04	1.990	0.631	0.064	1.159e-03
EPC1	2.300	1.073e-02	2.657	0.628	0.067	1.324e-03
SUPT5H	3.616	1.494e-04	1.503	0.652	0.072	1.698e-03
TCOF1	1.704	4.417e-02	2.555	0.636	0.073	1.749e-03
ZNF445	1.612	5.352e-02	5.009	0.624	0.074	1.801e-03
MBD2	2.284	1.117e-02	1.923	0.636	0.077	2.049e-03
ZMYM3	2.310	1.046e-02	3.225	0.614	0.081	2.413e-03
TDRD3	1.625	5.207e-02	3.190	0.625	0.083	2.610e-03
NKRF	1.894	2.910e-02	3.085	0.617	0.086	2.854e-03
FAM208A	2.203	1.378e-02	2.297	0.623	0.086	2.854e-03
ZFX	2.536	5.612e-03	1.322	0.642	0.098	4.300e-03
MYH11	1.835	3.327e-02	1.726	0.632	0.101	4.589e-03
KDM5A	3.325	4.427e-04	1.113	0.643	0.103	4.890e-03
KRAB	2.611	4.518e-03	2.592	0.607	0.104	4.993e-03
ATF1	2.428	7.586e-03	1.733	0.621	0.104	5.046e-03
POLR2A	35.877	3.431e-282	0.894	0.666	0.105	5.151e-03
KLF1	2.304	1.061e-02	2.258	0.613	0.105	5.151e-03
ZTA	1.668	4.769e-02	3.820	0.608	0.106	5.312e-03
PAF1	4.983	3.132e-07	0.870	0.639	0.114	6.596e-03
ARNTL	2.088	1.839e-02	1.561	0.621	0.120	7.719e-03
CBFB	2.659	3.924e-03	1.310	0.622	0.121	7.929e-03
KAT5	2.613	4.489e-03	1.077	0.631	0.123	8.435e-03
RUNX1	3.176	7.466e-04	1.081	0.626	0.126	8.963e-03
KLF13	1.815	3.479e-02	2.405	0.606	0.126	8.963e-03
INO80	2.583	4.894e-03	0.968	0.633	0.128	9.352e-03
AUTS2	1.643	5.015e-02	1.479	0.627	0.128	9.431e-03
HEY1	1.725	4.227e-02	2.712	0.605	0.129	9.591e-03
MAPK1	2.100	1.784e-02	1.539	0.615	0.129	9.672e-03
GTF2B	4.446	4.384e-06	0.749	0.635	0.131	1.016e-02
KAT8	1.918	2.755e-02	1.431	0.620	0.132	1.033e-02
ZBTB7A	3.770	8.172e-05	1.212	0.614	0.134	1.076e-02
LEO1	1.415	7.851e-02	2.567	0.612	0.134	1.085e-02
ZNF711	1.541	6.168e-02	1.876	0.618	0.134	1.085e-02
BRPF3	2.761	2.881e-03	0.790	0.634	0.139	1.212e-02
KLF9	2.655	3.964e-03	0.922	0.627	0.139	1.221e-02
PHF6	1.650	4.948e-02	1.259	0.628	0.139	1.221e-02
ZNF639	1.896	2.901e-02	1.320	0.615	0.148	1.462e-02
NRF1	6.055	7.023e-10	0.620	0.627	0.150	1.505e-02
SIRT1	1.134	1.284e-01	3.048	0.610	0.150	1.516e-02
GATA1	1.174	1.203e-01	2.748	0.611	0.151	1.538e-02
KMT2D	3.621	1.470e-04	0.648	0.627	0.155	1.662e-02
ZNF740	1.630	5.155e-02	2.879	0.598	0.156	1.697e-02
GABPA	4.380	5.932e-06	0.511	0.628	0.156	1.721e-02
SP1	2.925	1.724e-03	0.820	0.619	0.159	1.793e-02
ZIC2	1.500	6.676e-02	1.424	0.616	0.159	1.817e-02
DDX21	2.316	1.027e-02	0.669	0.631	0.161	1.867e-02
MNT	1.535	6.234e-02	2.494	0.601	0.164	1.982e-02
MCM7	1.484	6.888e-02	2.825	0.599	0.164	1.982e-02
MLLT1	2.339	9.671e-03	0.756	0.623	0.164	1.995e-02
SPIN1	1.694	4.511e-02	0.782	0.634	0.165	2.021e-02
ZBTB11	2.839	2.264e-03	0.971	0.610	0.166	2.048e-02
ERG	2.135	1.637e-02	0.857	0.620	0.166	2.048e-02
DPF1	1.128	1.297e-01	4.089	0.602	0.166	2.061e-02
CSNK2A1	1.475	7.009e-02	1.385	0.615	0.166	2.061e-02
BRD1	1.655	4.900e-02	0.841	0.628	0.169	2.170e-02
CREB1	3.275	5.289e-04	0.374	0.630	0.169	2.184e-02
TAL1	0.935	1.749e-01	2.315	0.615	0.170	2.226e-02
KLF10	1.815	3.474e-02	1.160	0.611	0.170	2.226e-02
ELK1	3.363	3.856e-04	0.612	0.617	0.173	2.341e-02
UBTF	2.029	2.124e-02	0.896	0.613	0.178	2.520e-02
KAT7	1.646	4.993e-02	0.782	0.627	0.178	2.520e-02
HCFC1	2.679	3.691e-03	0.252	0.634	0.179	2.582e-02
TRIM24	1.268	1.024e-01	3.477	0.596	0.183	2.740e-02
KMT2A	2.372	8.852e-03	1.185	0.602	0.184	2.822e-02
ZNF131	1.637	5.083e-02	0.739	0.627	0.185	2.839e-02
HDGF	2.108	1.750e-02	1.917	0.593	0.186	2.905e-02
SSRP1	1.085	1.389e-01	2.166	0.606	0.187	2.922e-02
KLF3	1.210	1.131e-01	2.143	0.603	0.189	3.025e-02
ZNF687	1.571	5.807e-02	1.777	0.599	0.189	3.025e-02
FOXK1	1.558	5.956e-02	2.157	0.596	0.189	3.042e-02
ZNF274	1.121	1.312e-01	6.325	0.594	0.190	3.077e-02
BCL11B	2.850	2.189e-03	0.266	0.623	0.191	3.112e-02
ZNF121	1.258	1.043e-01	2.950	0.595	0.193	3.255e-02
WDR5	1.940	2.618e-02	0.232	0.634	0.195	3.347e-02
E2F6	2.019	2.172e-02	0.923	0.605	0.198	3.478e-02
EGR1	2.133	1.648e-02	0.686	0.612	0.198	3.478e-02
ETS2	1.244	1.067e-01	1.545	0.604	0.201	3.651e-02
ELL2	3.375	3.687e-04	-0.083	0.630	0.202	3.691e-02
FOXD2	1.316	9.401e-02	1.232	0.607	0.203	3.750e-02
TET2	0.769	2.211e-01	1.464	0.625	0.203	3.790e-02
PHF8	5.316	5.313e-08	-0.313	0.641	0.204	3.810e-02
ZNF592	1.426	7.691e-02	1.918	0.597	0.204	3.810e-02
CREB3	1.270	1.021e-01	2.861	0.590	0.205	3.851e-02
YBX3	1.442	7.468e-02	2.007	0.596	0.205	3.851e-02
CSDE1	1.510	6.548e-02	2.042	0.593	0.205	3.892e-02
MORC2	1.505	6.612e-02	0.591	0.623	0.206	3.933e-02
TFDP1	2.268	1.165e-02	0.509	0.612	0.209	4.121e-02
HDAC2	1.908	2.822e-02	0.873	0.604	0.210	4.142e-02
CPSF3L	2.288	1.106e-02	-0.020	0.632	0.210	4.185e-02
ASCL2	1.262	1.035e-01	1.303	0.605	0.211	4.228e-02
NBN	1.616	5.305e-02	1.287	0.599	0.211	4.228e-02
GTF2I	0.721	2.355e-01	1.497	0.621	0.212	4.271e-02
NFYB	1.293	9.801e-02	2.033	0.596	0.212	4.271e-02
GLI2	1.800	3.596e-02	0.161	0.630	0.212	4.315e-02
HINFP	1.333	9.129e-02	2.522	0.589	0.215	4.448e-02
TRIM25	1.635	5.107e-02	1.651	0.592	0.215	4.448e-02
GTF3C2	1.147	1.257e-01	2.518	0.594	0.215	4.448e-02
PCGF1	1.461	7.203e-02	0.442	0.627	0.215	4.448e-02
ID3	1.217	1.118e-01	2.794	0.590	0.215	4.470e-02
MYCN	2.555	5.307e-03	-0.270	0.643	0.215	4.493e-02
CDC5L	1.272	1.016e-01	2.186	0.592	0.217	4.606e-02
SETDB1	0.799	2.122e-01	2.964	0.599	0.217	4.629e-02
EGR2	1.521	6.409e-02	1.119	0.601	0.220	4.815e-02
RARA	0.871	1.918e-01	1.468	0.610	0.221	4.839e-02
ZNF143	2.543	5.488e-03	0.175	0.615	0.221	4.886e-02
KLF5	1.575	5.764e-02	1.087	0.601	0.221	4.886e-02
LEF1	1.195	1.161e-01	0.590	0.629	0.221	4.886e-02
E2F1	7.702	6.703e-15	-0.394	0.629	0.223	4.958e-02
KDM2B	2.570	5.090e-03	0.067	0.618	0.223	5.006e-02
YY1	5.066	2.028e-07	-0.484	0.635	0.224	5.079e-02
RAC3	1.070	1.422e-01	2.069	0.597	0.225	5.103e-02
GTF2E2	1.275	1.012e-01	1.052	0.606	0.225	5.103e-02
FOXK2	1.677	4.678e-02	2.139	0.582	0.225	5.153e-02
INTS11	1.867	3.094e-02	0.963	0.598	0.228	5.327e-02
NELFA	4.952	3.677e-07	-0.592	0.664	0.229	5.403e-02
SNAPC1	1.531	6.286e-02	0.391	0.618	0.229	5.403e-02
AFF1	1.260	1.038e-01	0.547	0.622	0.230	5.454e-02
PML	2.002	2.263e-02	0.869	0.598	0.230	5.480e-02
ZKSCAN8	1.168	1.214e-01	2.112	0.593	0.230	5.480e-02
NFAT5	1.414	7.864e-02	0.690	0.612	0.230	5.480e-02
STAT5B	1.875	3.041e-02	0.689	0.603	0.232	5.583e-02
HMGN3	1.134	1.283e-01	1.478	0.600	0.232	5.583e-02
HSF1	1.757	3.945e-02	0.690	0.603	0.233	5.688e-02
HLTF	1.135	1.281e-01	2.357	0.589	0.233	5.714e-02
HDAC8	1.428	7.661e-02	1.443	0.593	0.235	5.821e-02
ZNF281	1.238	1.078e-01	1.082	0.604	0.235	5.874e-02
MAX	1.803	3.569e-02	-0.042	0.623	0.237	5.982e-02
CCNT2	1.007	1.571e-01	2.130	0.594	0.237	5.982e-02
KDM1A	0.559	2.880e-01	1.876	0.610	0.237	6.010e-02
KLF12	1.425	7.706e-02	0.538	0.613	0.237	6.010e-02
RARG	1.415	7.847e-02	1.480	0.591	0.239	6.120e-02
EMSY	1.628	5.175e-02	0.019	0.625	0.240	6.203e-02
RPE	3.043	1.173e-03	-0.440	0.628	0.240	6.231e-02
RUNX1T1	1.313	9.453e-02	1.165	0.598	0.240	6.231e-02
CD59	0.962	1.681e-01	2.300	0.592	0.241	6.287e-02
CNOT3	1.263	1.034e-01	1.621	0.592	0.241	6.315e-02
KLF4	0.709	2.392e-01	1.770	0.604	0.242	6.344e-02
SREBF1	1.631	5.146e-02	0.737	0.602	0.242	6.372e-02
ZNF436	0.895	1.854e-01	2.821	0.589	0.242	6.400e-02
GTF2A2	0.904	1.830e-01	2.674	0.590	0.243	6.458e-02
ELK4	2.896	1.891e-03	-0.457	0.627	0.244	6.544e-02
NFIA	0.633	2.635e-01	4.291	0.592	0.246	6.719e-02
ETS1	4.579	2.338e-06	-0.465	0.621	0.247	6.748e-02
SAP30	2.735	3.120e-03	-0.617	0.638	0.249	6.957e-02
GABP	1.271	1.018e-01	1.127	0.597	0.249	6.987e-02
USF2	1.644	5.009e-02	1.103	0.591	0.251	7.109e-02
SON	0.985	1.623e-01	1.884	0.593	0.251	7.109e-02
ZNF263	1.475	7.010e-02	0.923	0.598	0.251	7.139e-02
RBBP5	2.421	7.736e-03	-0.529	0.628	0.255	7.450e-02
MCM3	1.117	1.319e-01	2.000	0.586	0.258	7.705e-02
TBP	1.896	2.898e-02	-0.442	0.630	0.258	7.705e-02
MED1	3.503	2.296e-04	-0.869	0.649	0.258	7.737e-02
RAD51	0.992	1.605e-01	2.323	0.585	0.259	7.802e-02
NCAPH2	1.609	5.377e-02	0.609	0.600	0.261	8.032e-02
HDAC6	1.559	5.951e-02	0.461	0.603	0.263	8.165e-02
CREBBP	0.614	2.695e-01	1.232	0.608	0.267	8.540e-02
ORC1	1.389	8.241e-02	0.247	0.611	0.267	8.540e-02
LRWD1	0.728	2.333e-01	4.261	0.583	0.267	8.540e-02
ZNF287	0.747	2.275e-01	3.661	0.583	0.267	8.574e-02
TAF7	1.661	4.837e-02	0.160	0.606	0.267	8.609e-02
ARID5B	1.151	1.249e-01	0.878	0.600	0.268	8.678e-02
POU2F1	0.810	2.091e-01	2.521	0.586	0.269	8.784e-02
CHD1	4.053	2.524e-05	-0.953	0.633	0.270	8.819e-02
NCOA1	1.005	1.574e-01	1.747	0.588	0.271	8.996e-02
NELFE	4.963	3.472e-07	-1.084	0.635	0.272	9.104e-02
NFRKB	1.244	1.068e-01	1.256	0.589	0.273	9.140e-02
FEV	1.217	1.117e-01	0.598	0.603	0.278	9.655e-02
CDK9	3.637	1.377e-04	-0.831	0.623	0.278	9.693e-02
REL	1.493	6.766e-02	0.117	0.606	0.281	9.958e-02
ARNT	0.465	3.211e-01	3.555	0.588	0.281	9.996e-02
SMAD5	2.096	1.805e-02	-0.568	0.619	0.282	1.011e-01
MAFB	1.270	1.021e-01	0.264	0.605	0.284	1.027e-01
NFATC1	1.612	5.352e-02	-0.297	0.615	0.284	1.035e-01
RFX1	0.562	2.871e-01	1.092	0.608	0.284	1.035e-01
L3MBTL2	0.829	2.037e-01	2.923	0.579	0.285	1.038e-01
SIN3A	3.009	1.311e-03	-1.204	0.638	0.285	1.042e-01
DDX5	0.079	4.684e-01	2.943	0.602	0.286	1.050e-01
CEBPA	0.445	3.280e-01	0.871	0.619	0.287	1.058e-01
NR4A1	0.753	2.257e-01	1.440	0.596	0.287	1.062e-01
TET3	1.036	1.501e-01	0.799	0.600	0.287	1.066e-01
IKZF1	1.197	1.157e-01	1.240	0.586	0.288	1.078e-01
TGIF2	1.110	1.336e-01	1.233	0.588	0.289	1.086e-01
CDK8	1.873	3.053e-02	-0.486	0.615	0.289	1.090e-01
ZSCAN29	0.953	1.703e-01	1.740	0.583	0.290	1.099e-01
TAF3	1.465	7.150e-02	-0.265	0.614	0.291	1.107e-01
MBTD1	1.024	1.528e-01	1.013	0.595	0.291	1.111e-01
POLR2B	1.884	2.980e-02	-0.780	0.627	0.293	1.127e-01
ZNF318	1.103	1.350e-01	2.011	0.577	0.293	1.136e-01
MXD3	1.297	9.733e-02	0.070	0.606	0.293	1.136e-01
CDK7	1.751	3.996e-02	-0.723	0.626	0.295	1.161e-01
TSC22D4	0.699	2.423e-01	2.744	0.581	0.295	1.161e-01
ATOH1	1.338	9.041e-02	-0.060	0.608	0.295	1.161e-01
CBX1	0.881	1.891e-01	0.816	0.601	0.296	1.165e-01
ZNF783	1.250	1.057e-01	0.233	0.605	0.296	1.165e-01
ZBTB40	1.367	8.586e-02	1.078	0.583	0.297	1.178e-01
BCOR	1.129	1.296e-01	1.141	0.586	0.298	1.191e-01
NOTCH1	1.393	8.174e-02	-0.198	0.611	0.299	1.208e-01
GMEB2	2.342	9.589e-03	-1.323	0.636	0.300	1.213e-01
SMARCA5	0.512	3.044e-01	2.749	0.584	0.300	1.217e-01
ZNF584	0.939	1.739e-01	1.454	0.584	0.300	1.217e-01
AFF4	3.896	4.888e-05	-1.548	0.631	0.301	1.230e-01
ADNP	0.828	2.037e-01	2.215	0.579	0.301	1.230e-01
ZNF83	1.095	1.367e-01	1.178	0.585	0.302	1.243e-01
LARP7	0.540	2.945e-01	2.067	0.589	0.302	1.243e-01
COPS2	0.924	1.776e-01	1.133	0.591	0.302	1.243e-01
ZNF75A	1.350	8.859e-02	-0.192	0.609	0.304	1.266e-01
MXI1	1.615	5.320e-02	-0.385	0.608	0.307	1.302e-01
ZFP64	0.522	3.007e-01	2.634	0.583	0.308	1.316e-01
ZNF589	0.907	1.823e-01	1.423	0.584	0.308	1.316e-01
MIER1	0.809	2.092e-01	2.194	0.578	0.308	1.316e-01
ZBTB17	0.511	3.048e-01	0.918	0.605	0.308	1.316e-01
FOXP3	1.561	5.925e-02	-0.129	0.602	0.309	1.330e-01
ZFP57	0.672	2.506e-01	3.465	0.575	0.311	1.358e-01
ZNF202	0.429	3.341e-01	0.882	0.606	0.315	1.400e-01
ELF1	2.797	2.575e-03	-1.197	0.620	0.315	1.400e-01
ZKSCAN1	0.818	2.067e-01	1.044	0.592	0.315	1.400e-01
ZNF76	1.386	8.281e-02	-0.295	0.607	0.315	1.400e-01
POLR3A	0.759	2.238e-01	1.624	0.583	0.315	1.400e-01
ZNF175	0.851	1.973e-01	1.896	0.578	0.315	1.405e-01
BCL3	3.398	3.393e-04	-1.123	0.614	0.316	1.415e-01
PTRF	0.665	2.532e-01	2.860	0.575	0.317	1.429e-01
BRD4	4.565	2.498e-06	-2.176	0.630	0.318	1.444e-01
NFYA	2.371	8.864e-03	-0.610	0.604	0.318	1.444e-01
TFAP2C	0.575	2.828e-01	1.718	0.586	0.318	1.444e-01
ARID2	1.489	6.830e-02	-0.432	0.609	0.318	1.444e-01
HBP1	1.237	1.080e-01	0.526	0.592	0.318	1.449e-01
ZNF644	0.872	1.917e-01	1.308	0.583	0.320	1.469e-01
NFE2	0.842	1.999e-01	0.645	0.599	0.321	1.484e-01
BRD2	2.930	1.696e-03	-2.118	0.632	0.321	1.484e-01
REPIN1	0.321	3.742e-01	2.134	0.590	0.321	1.489e-01
SP2	2.217	1.332e-02	-0.403	0.599	0.322	1.504e-01
STAT2	1.473	7.042e-02	-0.154	0.601	0.322	1.509e-01
RBP2	1.696	4.490e-02	-1.384	0.634	0.324	1.529e-01
PRDM12	0.518	3.021e-01	3.578	0.575	0.324	1.534e-01
PBX2	0.749	2.269e-01	1.851	0.579	0.325	1.539e-01
CD74	1.181	1.189e-01	0.173	0.599	0.325	1.544e-01
PHF2	2.126	1.675e-02	-1.049	0.617	0.325	1.549e-01
PATZ1	1.309	9.522e-02	-0.537	0.614	0.326	1.555e-01
MTA3	0.791	2.143e-01	0.932	0.592	0.326	1.560e-01
ZNF320	0.566	2.856e-01	3.766	0.574	0.326	1.560e-01
HES1	0.617	2.686e-01	1.918	0.581	0.326	1.565e-01
BANP	0.461	3.225e-01	2.102	0.583	0.329	1.596e-01
EZH1	1.050	1.470e-01	-0.200	0.608	0.333	1.665e-01
WHSC1	0.938	1.741e-01	1.199	0.580	0.333	1.665e-01
SMARCE1	0.230	4.089e-01	3.840	0.580	0.334	1.681e-01
NR2F6	0.528	2.986e-01	3.795	0.571	0.337	1.720e-01
ZNF8	0.448	3.271e-01	1.353	0.590	0.337	1.725e-01
KDM5C	1.665	4.796e-02	-0.904	0.613	0.338	1.731e-01
CASP8AP2	1.055	1.457e-01	0.300	0.596	0.338	1.731e-01
BRCA1	1.771	3.826e-02	-1.359	0.623	0.338	1.742e-01
FGFR1	1.489	6.830e-02	-0.496	0.604	0.338	1.742e-01
RXRG	1.130	1.292e-01	0.435	0.590	0.339	1.747e-01
TAFII	1.939	2.622e-02	-1.245	0.616	0.339	1.747e-01
BCL6	0.809	2.092e-01	0.352	0.601	0.339	1.753e-01
SNAI2	0.159	4.368e-01	2.130	0.589	0.342	1.798e-01
ZNF24	1.003	1.579e-01	0.967	0.581	0.344	1.826e-01
NCOR1	1.219	1.115e-01	-0.421	0.606	0.344	1.838e-01
EP400	0.880	1.894e-01	0.716	0.589	0.345	1.843e-01
PKNOX1	0.507	3.062e-01	3.077	0.572	0.345	1.849e-01
SIX5	2.129	1.663e-02	-1.144	0.610	0.345	1.849e-01
CTBP2	0.648	2.586e-01	-0.256	0.621	0.347	1.872e-01
ZMYND8	1.226	1.101e-01	0.283	0.588	0.347	1.884e-01
MTA2	0.622	2.670e-01	1.213	0.584	0.348	1.890e-01
STAT5	0.779	2.178e-01	0.028	0.606	0.348	1.890e-01
PPARGC1A	0.613	2.699e-01	1.673	0.578	0.348	1.896e-01
ZNF18	0.836	2.016e-01	-0.101	0.606	0.349	1.907e-01
KDM4C	1.129	1.294e-01	-0.122	0.600	0.349	1.913e-01
THAP1	1.178	1.194e-01	-0.260	0.601	0.350	1.931e-01
RAG2	1.063	1.440e-01	0.138	0.597	0.350	1.931e-01
ZNF284	0.395	3.463e-01	3.783	0.571	0.351	1.949e-01
ING2	0.608	2.716e-01	1.634	0.578	0.351	1.949e-01
PYGO2	0.565	2.861e-01	2.177	0.574	0.352	1.955e-01
SATB1	-0.946	8.278e-01	3.149	0.607	0.352	1.961e-01
SF1	0.493	3.111e-01	2.303	0.575	0.353	1.978e-01
MAZ	1.585	5.644e-02	-0.427	0.597	0.354	1.990e-01
ZEB2	0.740	2.296e-01	1.412	0.577	0.354	1.997e-01
PHIP	1.723	4.247e-02	-0.532	0.597	0.354	2.003e-01
KDM5B	0.629	2.645e-01	-0.118	0.612	0.356	2.027e-01
DCP1A	2.012	2.211e-02	-2.295	0.624	0.356	2.033e-01
BCLAF1	0.710	2.388e-01	0.329	0.599	0.357	2.045e-01
LMO2	0.708	2.396e-01	1.105	0.581	0.361	2.107e-01
SUMO2	-1.825	9.660e-01	1.883	0.635	0.361	2.113e-01
CUX1	0.220	4.129e-01	1.194	0.595	0.361	2.119e-01
TRAF7	1.171	1.208e-01	-0.498	0.605	0.362	2.138e-01
PRAME	0.788	2.154e-01	0.788	0.585	0.363	2.150e-01
ZFP41	0.653	2.570e-01	1.260	0.578	0.363	2.156e-01
DPF2	0.214	4.152e-01	2.875	0.576	0.364	2.169e-01
TAZ	0.673	2.504e-01	1.116	0.580	0.364	2.169e-01
CBX8	0.406	3.425e-01	-0.020	0.616	0.365	2.175e-01
SETD1A	1.097	1.363e-01	-0.185	0.598	0.365	2.175e-01
TAF1	3.217	6.484e-04	-2.374	0.611	0.365	2.188e-01
TCF7L1	0.487	3.130e-01	1.158	0.584	0.365	2.188e-01
KLF15	1.354	8.779e-02	-1.294	0.619	0.366	2.194e-01
ZNF770	0.364	3.577e-01	3.232	0.571	0.367	2.213e-01
U2AF1	2.850	2.189e-03	-3.117	0.619	0.367	2.213e-01
NCAPG	0.364	3.579e-01	1.359	0.584	0.368	2.245e-01
SP4	0.911	1.810e-01	-0.308	0.602	0.371	2.297e-01
KLF6	1.038	1.497e-01	-0.111	0.596	0.371	2.297e-01
ZNF146	0.590	2.776e-01	1.988	0.570	0.374	2.342e-01
ZNF282	1.006	1.571e-01	0.279	0.585	0.375	2.356e-01
JMJD1C	0.407	3.419e-01	0.852	0.591	0.375	2.362e-01
E2F4	2.582	4.909e-03	-3.148	0.616	0.376	2.382e-01
MEF2D	0.549	2.915e-01	1.771	0.572	0.377	2.395e-01
GRHL3	0.362	3.588e-01	1.654	0.578	0.377	2.395e-01
ZBTB14	1.034	1.505e-01	-0.142	0.596	0.377	2.408e-01
NFYC	1.396	8.129e-02	-1.197	0.611	0.377	2.408e-01
EGR3	0.499	3.090e-01	1.544	0.575	0.378	2.422e-01
ZNF304	0.341	3.667e-01	2.860	0.570	0.379	2.428e-01
CDK6	1.085	1.389e-01	-0.343	0.598	0.381	2.468e-01
HOXA1	1.184	1.181e-01	-0.608	0.602	0.381	2.468e-01
IRF9	0.399	3.449e-01	2.235	0.571	0.381	2.475e-01
OGT	2.335	9.767e-03	-2.570	0.611	0.382	2.502e-01
PTTG1	0.420	3.371e-01	2.385	0.569	0.383	2.509e-01
PAX5	0.703	2.411e-01	0.391	0.590	0.383	2.515e-01
MEN1	0.842	2.000e-01	0.475	0.583	0.384	2.529e-01
ZNF707	0.367	3.569e-01	1.958	0.574	0.384	2.536e-01
ZNF197	0.830	2.031e-01	0.709	0.579	0.384	2.536e-01
BRDU	-0.042	5.169e-01	1.760	0.587	0.385	2.549e-01
ZNF260	0.622	2.670e-01	1.013	0.579	0.385	2.549e-01
SMARCB1	0.605	2.726e-01	0.257	0.596	0.386	2.563e-01
BIRA	0.160	4.363e-01	1.266	0.587	0.386	2.563e-01
BRD3	1.914	2.781e-02	-1.682	0.605	0.386	2.570e-01
ORC2	0.595	2.758e-01	1.098	0.578	0.387	2.584e-01
TARDBP	0.872	1.916e-01	0.055	0.592	0.388	2.597e-01
GLIS2	1.092	1.374e-01	0.077	0.585	0.388	2.597e-01
RELA	0.553	2.903e-01	-0.419	0.614	0.388	2.604e-01
CEBPD	0.273	3.925e-01	0.961	0.589	0.388	2.604e-01
VEZF1	1.434	7.585e-02	-0.672	0.597	0.388	2.611e-01
FOXJ2	0.839	2.006e-01	0.649	0.579	0.388	2.611e-01
KDM4B	1.369	8.546e-02	-0.787	0.600	0.389	2.618e-01
TFAP4	0.219	4.132e-01	1.512	0.580	0.390	2.639e-01
BHLHE40	0.745	2.282e-01	0.419	0.586	0.390	2.652e-01
RBPJ	1.095	1.367e-01	-0.481	0.598	0.393	2.694e-01
DDX20	0.472	3.184e-01	1.271	0.576	0.393	2.694e-01
ERCC6	0.193	4.236e-01	0.149	0.609	0.394	2.715e-01
ZBTB10	1.265	1.030e-01	-1.063	0.605	0.395	2.736e-01
ZNF837	0.740	2.295e-01	0.572	0.582	0.395	2.736e-01
TERC	0.272	3.930e-01	2.780	0.568	0.395	2.750e-01
GMEB1	1.456	7.275e-02	-2.068	0.614	0.397	2.778e-01
ESRRA	0.262	3.967e-01	0.688	0.594	0.399	2.828e-01
ZNF423	0.866	1.932e-01	0.348	0.581	0.400	2.849e-01
XRN2	2.835	2.294e-03	-3.966	0.606	0.402	2.870e-01
ZNF28	0.338	3.679e-01	2.096	0.570	0.402	2.878e-01
ETV1	0.908	1.818e-01	0.201	0.582	0.402	2.885e-01
DNMT1	0.495	3.102e-01	0.786	0.582	0.403	2.892e-01
CDCA2	0.298	3.829e-01	2.310	0.568	0.403	2.892e-01
RBL2	2.625	4.338e-03	-3.204	0.605	0.405	2.950e-01
ZBTB48	0.372	3.549e-01	0.833	0.584	0.406	2.957e-01
C11orf30	0.299	3.823e-01	2.019	0.570	0.406	2.957e-01
TEAD2	0.440	3.301e-01	1.692	0.569	0.406	2.957e-01
H2AZ	1.465	7.139e-02	-2.836	0.617	0.407	2.971e-01
IRAK1	1.226	1.101e-01	-1.047	0.604	0.407	2.978e-01
TCF12	0.132	4.474e-01	0.679	0.596	0.408	3.007e-01
DMC1	0.131	4.479e-01	5.575	0.563	0.409	3.029e-01
POLR2H	0.772	2.199e-01	0.566	0.577	0.411	3.051e-01
ELF2	1.433	7.599e-02	-2.435	0.613	0.411	3.051e-01
LMO1	0.546	2.925e-01	0.889	0.576	0.411	3.059e-01
SCML2	0.672	2.509e-01	0.396	0.582	0.412	3.088e-01
IRAK4	1.226	1.100e-01	-1.222	0.604	0.414	3.125e-01
PSIP1	0.337	3.679e-01	0.927	0.581	0.414	3.132e-01
MCRS1	1.263	1.034e-01	-1.496	0.605	0.414	3.132e-01
HMGN1	1.200	1.150e-01	-1.112	0.602	0.415	3.147e-01
RBCK1	1.294	9.785e-02	-1.880	0.606	0.416	3.154e-01
ZNF441	0.593	2.767e-01	0.744	0.578	0.416	3.154e-01
ZNF48	0.386	3.498e-01	1.403	0.571	0.416	3.162e-01
CHAMP1	0.452	3.255e-01	1.172	0.572	0.417	3.184e-01
TBL1XR1	0.647	2.588e-01	0.229	0.584	0.419	3.228e-01
E2F5	0.621	2.674e-01	0.788	0.575	0.420	3.243e-01
ZNF248	0.128	4.492e-01	3.528	0.563	0.421	3.266e-01
BACH1	0.480	3.157e-01	0.840	0.576	0.423	3.303e-01
SIRT6	0.288	3.865e-01	1.827	0.568	0.423	3.303e-01
PRDM2	0.935	1.749e-01	-0.005	0.580	0.424	3.326e-01
MYB	0.805	2.105e-01	0.355	0.577	0.424	3.333e-01
SRSF3	1.725	4.227e-02	-2.844	0.604	0.425	3.356e-01
SREBF2	1.056	1.455e-01	-0.745	0.596	0.425	3.356e-01
ZNF780A	0.123	4.511e-01	3.075	0.563	0.427	3.394e-01
SPI1	-0.946	8.278e-01	0.515	0.629	0.427	3.401e-01
ZBTB6	0.627	2.653e-01	0.599	0.576	0.430	3.447e-01
RUVBL1	1.005	1.574e-01	-0.662	0.594	0.430	3.454e-01
FOXO3	0.247	4.023e-01	0.647	0.584	0.433	3.516e-01
POLR3D	-1.444	9.257e-01	1.543	0.601	0.433	3.523e-01
IRF3	1.147	1.257e-01	-2.139	0.608	0.435	3.554e-01
NONO	0.362	3.588e-01	1.268	0.570	0.437	3.600e-01
DIDO1	0.848	1.981e-01	-0.018	0.578	0.439	3.646e-01
ZEB1	0.853	1.969e-01	-0.545	0.591	0.440	3.669e-01
NFKB1	0.583	2.799e-01	0.458	0.576	0.440	3.677e-01
HNF4A	-0.172	5.683e-01	1.486	0.579	0.440	3.677e-01
ARNT2	1.006	1.572e-01	-0.794	0.594	0.440	3.677e-01
PARP1	-0.008	5.030e-01	7.087	0.558	0.441	3.693e-01
IKZF2	0.421	3.370e-01	0.968	0.571	0.441	3.693e-01
SOX9	0.976	1.646e-01	-1.384	0.604	0.441	3.693e-01
TRIM28	-2.189	9.857e-01	4.375	0.588	0.441	3.700e-01
USP49	0.317	3.757e-01	1.323	0.569	0.443	3.724e-01
ZNF207	0.381	3.515e-01	1.125	0.570	0.443	3.739e-01
NCOR2	0.670	2.513e-01	0.350	0.575	0.443	3.739e-01
BPTF	0.780	2.178e-01	-0.285	0.585	0.443	3.739e-01
JUNB	0.013	4.948e-01	0.097	0.601	0.444	3.747e-01
CREM	0.258	3.982e-01	0.512	0.583	0.444	3.755e-01
HOXA6	0.901	1.837e-01	-0.614	0.590	0.448	3.833e-01
KDM3A	1.252	1.053e-01	-1.164	0.592	0.448	3.841e-01
CRY1	0.113	4.551e-01	2.185	0.563	0.450	3.880e-01
ZSCAN22	1.681	4.641e-02	-2.767	0.597	0.451	3.911e-01
ZNF611	0.320	3.746e-01	1.174	0.569	0.451	3.911e-01
GTF2F1	0.976	1.646e-01	-2.735	0.614	0.452	3.919e-01
H2AFX	-0.973	8.347e-01	1.066	0.601	0.452	3.935e-01
BCL11A	-0.319	6.250e-01	-0.302	0.623	0.452	3.935e-01
KLF17	0.806	2.101e-01	-0.128	0.578	0.454	3.974e-01
NPAT	1.055	1.458e-01	-1.186	0.596	0.455	3.998e-01
XBP1	0.366	3.572e-01	-0.230	0.593	0.457	4.029e-01
KDM4A	0.477	3.167e-01	0.637	0.572	0.458	4.061e-01
CLOCK	0.030	4.879e-01	1.792	0.567	0.458	4.069e-01
MBD1	0.661	2.544e-01	0.204	0.575	0.460	4.109e-01
FOXM1	0.635	2.627e-01	-2.011	0.615	0.461	4.125e-01
TFAP2A	-0.061	5.242e-01	1.327	0.574	0.463	4.172e-01
BARX2	1.251	1.055e-01	-3.524	0.605	0.463	4.180e-01
DEAF1	1.255	1.047e-01	-4.196	0.605	0.464	4.204e-01
CDK12	0.651	2.574e-01	-0.149	0.580	0.465	4.212e-01
INTS12	0.813	2.081e-01	-0.610	0.586	0.465	4.220e-01
MYNN	0.630	2.643e-01	0.244	0.574	0.466	4.228e-01
WDHD1	0.567	2.852e-01	0.244	0.575	0.466	4.228e-01
ZNF354C	0.196	4.222e-01	1.367	0.565	0.467	4.252e-01
ZMIZ1	0.566	2.855e-01	-0.051	0.579	0.467	4.268e-01
ILK	-0.010	5.038e-01	1.960	0.564	0.467	4.268e-01
ZSCAN5A	1.065	1.434e-01	-0.923	0.587	0.468	4.276e-01
ELK3	1.106	1.344e-01	-2.068	0.599	0.469	4.308e-01
TP53	-1.350	9.115e-01	0.237	0.623	0.469	4.316e-01
ASCL1	-0.514	6.965e-01	1.731	0.577	0.470	4.332e-01
ZNF563	0.022	4.914e-01	2.177	0.559	0.470	4.332e-01
YBX1	-0.032	5.126e-01	1.953	0.564	0.472	4.372e-01
ZNF331	-0.085	5.340e-01	3.998	0.555	0.472	4.372e-01
ZNF778	-0.021	5.083e-01	0.797	0.579	0.473	4.388e-01
ZFP28	-0.057	5.229e-01	2.302	0.562	0.473	4.388e-01
LANA	0.979	1.639e-01	-1.332	0.594	0.474	4.420e-01
ZBTB16	0.373	3.546e-01	0.549	0.572	0.475	4.444e-01
MED12	0.559	2.879e-01	0.177	0.573	0.480	4.540e-01
ZNF585B	0.036	4.857e-01	1.766	0.561	0.480	4.540e-01
SKI	0.413	3.397e-01	0.404	0.572	0.480	4.540e-01
PR	-2.349	9.906e-01	1.347	0.598	0.480	4.549e-01
AEBP2	0.395	3.464e-01	0.601	0.570	0.480	4.549e-01
FLI1	-0.702	7.585e-01	-0.414	0.631	0.480	4.557e-01
KLF11	0.793	2.138e-01	-0.381	0.577	0.482	4.605e-01
ATF3	-0.279	6.097e-01	-0.627	0.622	0.483	4.613e-01
KDM6A	0.350	3.631e-01	0.642	0.570	0.483	4.621e-01
RB1	1.003	1.578e-01	-2.349	0.599	0.484	4.645e-01
SMARCA4	0.112	4.554e-01	-0.786	0.608	0.484	4.645e-01
ZNF141	0.015	4.942e-01	1.825	0.559	0.486	4.677e-01
SOX13	0.174	4.309e-01	0.839	0.570	0.487	4.702e-01
CBX3	-0.413	6.602e-01	1.566	0.571	0.488	4.726e-01
ZNF766	-0.125	5.497e-01	1.467	0.568	0.488	4.734e-01
LDB1	-0.049	5.195e-01	2.319	0.557	0.488	4.734e-01
AGO2	0.802	2.112e-01	-0.821	0.585	0.489	4.750e-01
MYBL2	0.171	4.321e-01	1.121	0.564	0.489	4.750e-01
ZNF341	0.761	2.234e-01	-0.391	0.576	0.489	4.758e-01
PRDM11	0.359	3.597e-01	-0.731	0.598	0.490	4.774e-01
IRF1	0.425	3.353e-01	-0.228	0.581	0.490	4.782e-01
LMTK3	-0.162	5.643e-01	0.990	0.575	0.492	4.831e-01
NR2F1	-0.203	5.804e-01	0.993	0.575	0.494	4.863e-01
GATA2	-4.805	1.000e+00	0.692	0.611	0.495	4.879e-01
ZNF697	-0.305	6.198e-01	2.237	0.561	0.495	4.879e-01
ESR1	-9.269	1.000e+00	0.874	0.606	0.496	4.904e-01
ZNF280A	-0.181	5.718e-01	3.514	0.552	0.496	4.920e-01
RCOR1	0.093	4.630e-01	0.414	0.577	0.497	4.936e-01
ETV7	0.484	3.142e-01	-0.049	0.574	0.499	4.976e-01
MAF	-0.095	5.380e-01	-0.466	0.603	0.499	4.985e-01
ZNF440	-0.218	5.863e-01	3.706	0.551	0.500	4.993e-01
HOXA4	0.696	2.432e-01	-0.665	0.581	0.501	5.033e-01
GRHL1	0.449	3.266e-01	0.055	0.573	0.502	5.041e-01
TET1	0.934	1.751e-01	-1.848	0.591	0.502	5.041e-01
TRRAP	0.950	1.710e-01	-1.494	0.587	0.504	5.090e-01
ZNF506	-0.155	5.617e-01	2.590	0.553	0.504	5.098e-01
MITF	-0.479	6.839e-01	1.040	0.577	0.506	5.130e-01
SIX4	0.105	4.580e-01	1.105	0.562	0.506	5.138e-01
CHD2	0.908	1.821e-01	-2.638	0.597	0.509	5.195e-01
FOXG1	0.514	3.035e-01	-0.297	0.575	0.510	5.219e-01
BARX1	0.707	2.398e-01	-0.798	0.582	0.510	5.219e-01
EZH2	-3.128	9.991e-01	0.251	0.615	0.510	5.235e-01
ZNF75D	-0.417	6.616e-01	5.885	0.549	0.510	5.235e-01
TCF7	-0.462	6.781e-01	0.611	0.583	0.512	5.267e-01
E2F3	0.709	2.392e-01	-0.879	0.582	0.513	5.300e-01
GLI4	0.824	2.050e-01	-0.988	0.581	0.514	5.324e-01
APOBEC3B	0.181	4.280e-01	0.770	0.565	0.514	5.324e-01
SMAD4	-0.104	5.415e-01	0.427	0.578	0.516	5.364e-01
NFE2L2	-0.489	6.877e-01	-0.706	0.617	0.517	5.372e-01
CDK2	-0.649	7.418e-01	4.253	0.556	0.517	5.372e-01
RNF2	-0.795	7.866e-01	0.262	0.597	0.518	5.405e-01
VDR	0.090	4.642e-01	-0.347	0.586	0.519	5.429e-01
HCFC1R1	-0.034	5.136e-01	1.453	0.557	0.519	5.429e-01
E2F7	-0.219	5.868e-01	-0.812	0.608	0.523	5.525e-01
ZBTB26	0.639	2.613e-01	-2.150	0.597	0.524	5.541e-01
ZNF468	0.347	3.643e-01	0.088	0.570	0.524	5.549e-01
SP3	0.967	1.669e-01	-1.662	0.582	0.525	5.557e-01
ZBTB8A	0.656	2.560e-01	-0.577	0.575	0.525	5.557e-01
NR2F2	-0.325	6.275e-01	0.690	0.576	0.526	5.573e-01
BMI1	-1.405	9.200e-01	0.254	0.601	0.526	5.573e-01
KLF7	0.896	1.852e-01	-1.430	0.581	0.526	5.573e-01
LYL1	-0.389	6.513e-01	0.753	0.576	0.526	5.582e-01
HMBOX1	-0.008	5.032e-01	1.149	0.558	0.528	5.622e-01
E2F8	0.399	3.448e-01	-0.185	0.572	0.528	5.638e-01
CCDC101	0.814	2.077e-01	-2.068	0.588	0.529	5.646e-01
POLR2AphosphoS5	0.249	4.016e-01	-0.198	0.576	0.529	5.646e-01
PBX1	0.178	4.295e-01	0.497	0.566	0.530	5.662e-01
ASH1L	0.881	1.892e-01	-2.457	0.589	0.531	5.702e-01
SUZ12	-1.189	8.827e-01	0.101	0.601	0.532	5.710e-01
ZNF71	0.797	2.126e-01	-2.576	0.593	0.532	5.710e-01
ZNF781	-0.429	6.661e-01	2.665	0.549	0.535	5.789e-01
ETV4	0.101	4.600e-01	-0.370	0.582	0.535	5.789e-01
ZNF600	0.325	3.724e-01	0.162	0.567	0.536	5.813e-01
ZNF597	0.230	4.090e-01	0.312	0.566	0.537	5.829e-01
RUNX2	-0.467	6.796e-01	1.601	0.560	0.537	5.837e-01
DLX1	0.635	2.626e-01	-0.956	0.579	0.538	5.861e-01
ZNF92	-0.324	6.271e-01	2.316	0.547	0.539	5.877e-01
USF1	0.339	3.674e-01	-0.765	0.583	0.540	5.901e-01
EBF1	-0.020	5.081e-01	0.412	0.570	0.541	5.917e-01
DACOR1	-0.522	6.993e-01	5.066	0.540	0.542	5.940e-01
ZNF16	0.190	4.246e-01	0.359	0.565	0.543	5.964e-01
ZNF100	0.442	3.291e-01	-0.379	0.571	0.543	5.964e-01
RELB	-0.043	5.171e-01	0.867	0.562	0.544	5.972e-01
SP140	-0.129	5.514e-01	0.732	0.568	0.544	5.980e-01
CREB3L4	0.262	3.965e-01	0.115	0.567	0.545	6.004e-01
TBL1X	0.444	3.287e-01	-0.465	0.573	0.545	6.004e-01
ZBTB7B	0.811	2.086e-01	-2.384	0.586	0.546	6.019e-01
ZNF479	-0.123	5.489e-01	1.341	0.554	0.546	6.027e-01
ZNF140	-0.427	6.653e-01	1.644	0.557	0.546	6.035e-01
ZBED1	0.320	3.744e-01	-0.136	0.569	0.548	6.074e-01
TCF4	-2.129	9.834e-01	1.069	0.583	0.548	6.074e-01
ZNF384	-0.540	7.055e-01	1.289	0.564	0.549	6.082e-01
THAP11	0.766	2.219e-01	-2.096	0.584	0.550	6.114e-01
ZNF808	-0.622	7.331e-01	12.672	0.536	0.551	6.137e-01
POU2F2	0.239	4.055e-01	-0.331	0.574	0.551	6.145e-01
SRCAP	-0.495	6.898e-01	3.006	0.541	0.553	6.176e-01
DROSHA	0.262	3.968e-01	-1.619	0.596	0.553	6.184e-01
CTBP1	0.016	4.936e-01	0.450	0.565	0.554	6.192e-01
FANCD2	-0.551	7.093e-01	3.765	0.539	0.554	6.208e-01
HNF4G	-1.229	8.905e-01	1.138	0.573	0.555	6.223e-01
ZNF257	0.119	4.525e-01	0.379	0.563	0.555	6.223e-01
BACH2	0.108	4.570e-01	-0.114	0.572	0.556	6.239e-01
STAT4	-0.358	6.397e-01	0.810	0.568	0.556	6.239e-01
RFX2	0.789	2.150e-01	-2.522	0.585	0.556	6.239e-01
ING5	-0.026	5.103e-01	0.850	0.558	0.556	6.254e-01
DPPA2	-0.479	6.840e-01	2.647	0.542	0.556	6.254e-01
STAT5A	0.238	4.059e-01	-0.029	0.568	0.557	6.262e-01
ZNF101	0.019	4.925e-01	0.509	0.563	0.558	6.293e-01
HEXIM1	0.370	3.556e-01	-1.427	0.588	0.559	6.301e-01
PMEL	0.158	4.374e-01	-1.455	0.597	0.559	6.309e-01
HOXA9	-0.737	7.695e-01	1.447	0.563	0.559	6.309e-01
NFIC	-0.365	6.423e-01	0.126	0.578	0.559	6.316e-01
FOXP1	-0.588	7.219e-01	-0.541	0.600	0.559	6.316e-01
ZNF430	-0.044	5.174e-01	0.885	0.557	0.559	6.316e-01
BAHD1	-1.113	8.670e-01	3.779	0.550	0.560	6.324e-01
ZNF512	-0.636	7.375e-01	2.671	0.545	0.562	6.378e-01
TP63	-3.302	9.995e-01	1.048	0.582	0.563	6.386e-01
ZNF701	0.054	4.786e-01	0.477	0.561	0.563	6.386e-01
ZNF429	-0.316	6.239e-01	1.649	0.547	0.563	6.401e-01
NR5A2	-0.550	7.087e-01	1.069	0.565	0.565	6.440e-01
MGEA5	0.339	3.672e-01	-0.412	0.570	0.566	6.455e-01
ZNF485	-0.710	7.610e-01	4.676	0.532	0.567	6.478e-01
ZNF239	0.310	3.782e-01	-0.330	0.569	0.568	6.501e-01
GRHL2	-1.696	9.551e-01	1.490	0.569	0.568	6.509e-01
PLRG1	-0.358	6.399e-01	1.351	0.552	0.569	6.524e-01
ZFP2	0.416	3.386e-01	-0.820	0.575	0.569	6.532e-01
GATAD1	0.384	3.505e-01	-1.810	0.587	0.569	6.532e-01
ZNF823	-0.654	7.434e-01	3.346	0.534	0.569	6.532e-01
CHRM2	-0.365	6.425e-01	-0.815	0.598	0.570	6.555e-01
NFIL3	-0.213	5.843e-01	1.224	0.551	0.570	6.555e-01
NR3C1	-8.219	1.000e+00	-0.518	0.622	0.572	6.585e-01
KDM6B	-0.178	5.707e-01	-0.626	0.588	0.572	6.585e-01
KLF16	-0.201	5.797e-01	0.844	0.558	0.572	6.592e-01
MCM2	-0.631	7.361e-01	2.779	0.535	0.574	6.638e-01
ZNF490	-0.767	7.786e-01	6.122	0.530	0.574	6.638e-01
GLIS1	0.062	4.751e-01	0.003	0.567	0.575	6.645e-01
IRF5	-0.717	7.633e-01	3.601	0.532	0.575	6.653e-01
ZNF134	-0.052	5.205e-01	0.764	0.557	0.576	6.660e-01
ZNF264	0.449	3.266e-01	-0.841	0.572	0.578	6.721e-01
NFKB2	-0.032	5.128e-01	0.532	0.558	0.581	6.765e-01
RYBP	0.072	4.713e-01	-0.417	0.573	0.581	6.773e-01
ZNF519	0.245	4.031e-01	-0.316	0.567	0.581	6.780e-01
ZNF22	-0.803	7.890e-01	4.353	0.529	0.582	6.803e-01
FOS	-1.856	9.682e-01	-0.371	0.603	0.583	6.825e-01
RBL1	-0.003	5.013e-01	0.373	0.558	0.583	6.825e-01
ZNF292	-0.072	5.288e-01	0.704	0.556	0.584	6.840e-01
ZNF605	-0.303	6.190e-01	1.201	0.548	0.586	6.877e-01
NME2	-1.228	8.902e-01	4.797	0.533	0.587	6.891e-01
ZNF768	0.092	4.635e-01	0.068	0.562	0.587	6.906e-01
TCF7L2	-0.542	7.063e-01	-0.886	0.599	0.588	6.921e-01
STAT1	0.111	4.558e-01	-1.026	0.583	0.588	6.928e-01
ASXL1	0.653	2.570e-01	-2.524	0.580	0.588	6.928e-01
TTF2	-0.330	6.295e-01	-1.656	0.603	0.589	6.943e-01
REST	-7.696	1.000e+00	-0.193	0.602	0.592	6.994e-01
YAP1	-2.734	9.969e-01	-0.882	0.622	0.592	6.994e-01
ZNF793	-0.875	8.093e-01	2.220	0.544	0.592	7.001e-01
FOXA1	-17.319	1.000e+00	-0.166	0.601	0.596	7.088e-01
ZNF136	-0.901	8.163e-01	3.702	0.525	0.597	7.095e-01
NIPBL	-0.856	8.040e-01	-1.964	0.619	0.597	7.102e-01
PPARD	0.494	3.106e-01	-1.432	0.575	0.597	7.102e-01
SRF	-0.673	7.497e-01	-1.578	0.608	0.597	7.109e-01
ETV5	-0.137	5.546e-01	-0.234	0.571	0.600	7.166e-01
ZNF467	0.158	4.371e-01	-0.317	0.564	0.601	7.188e-01
FOSL1	-1.117	8.681e-01	-0.500	0.595	0.603	7.216e-01
ZNF680	-1.543	9.385e-01	2.087	0.551	0.603	7.223e-01
NFE2L1	-0.740	7.704e-01	1.240	0.554	0.603	7.223e-01
ZC3H8	0.123	4.510e-01	-1.182	0.579	0.606	7.272e-01
SMARCC2	0.374	3.543e-01	-0.788	0.567	0.608	7.307e-01
ZNF438	-0.026	5.103e-01	0.145	0.558	0.608	7.307e-01
MYOD1	-0.478	6.836e-01	0.858	0.554	0.608	7.321e-01
SMN1	-0.643	7.398e-01	1.689	0.535	0.610	7.356e-01
PTPN11	0.647	2.589e-01	-5.807	0.580	0.611	7.383e-01
GREB1	-0.946	8.279e-01	0.750	0.566	0.612	7.390e-01
ZNF317	-1.431	9.237e-01	2.584	0.535	0.613	7.411e-01
MBD4	-0.028	5.112e-01	0.125	0.558	0.614	7.425e-01
MBD3	-0.303	6.189e-01	-0.573	0.577	0.614	7.431e-01
BRD7	0.197	4.220e-01	-0.553	0.565	0.615	7.445e-01
AR	-19.123	1.000e+00	0.233	0.586	0.615	7.452e-01
ZNF138	-0.001	5.004e-01	-0.049	0.558	0.615	7.452e-01
ZNF273	0.274	3.922e-01	-0.763	0.568	0.615	7.452e-01
MAFG	-0.699	7.577e-01	1.457	0.542	0.615	7.459e-01
HLF	-1.011	8.439e-01	2.192	0.532	0.615	7.459e-01
CHD8	-0.741	7.706e-01	-0.566	0.587	0.616	7.465e-01
RFX5	0.233	4.077e-01	-2.710	0.586	0.617	7.486e-01
POLR2M	0.277	3.907e-01	-2.255	0.581	0.617	7.493e-01
ZNF610	0.682	2.477e-01	-2.857	0.574	0.618	7.499e-01
SMAD1	-1.486	9.314e-01	0.332	0.575	0.618	7.499e-01
MEF2A	-0.365	6.424e-01	-0.539	0.577	0.618	7.499e-01
FAIRE	-0.531	7.024e-01	-2.053	0.603	0.618	7.506e-01
GATAD2B	0.206	4.182e-01	-0.740	0.569	0.618	7.506e-01
HOTAIR	-1.938	9.737e-01	4.271	0.530	0.618	7.513e-01
CTCFL	-0.070	5.280e-01	-0.421	0.570	0.619	7.519e-01
ZNF343	0.520	3.016e-01	-2.566	0.575	0.621	7.566e-01
MEF2C	0.038	4.850e-01	-0.269	0.560	0.622	7.586e-01
ARID1A	-1.452	9.267e-01	0.686	0.568	0.624	7.613e-01
ZBTB1	0.436	3.316e-01	-1.353	0.570	0.624	7.613e-01
TERF1	-0.020	5.081e-01	-0.121	0.558	0.625	7.633e-01
ZNF189	0.465	3.210e-01	-2.179	0.574	0.627	7.665e-01
L3MBTL4	0.294	3.844e-01	-0.979	0.568	0.628	7.685e-01
PRKDC	-0.342	6.337e-01	-0.385	0.571	0.629	7.711e-01
ZNF486	-1.997	9.771e-01	6.638	0.509	0.631	7.743e-01
ZNF528	0.240	4.051e-01	-0.843	0.567	0.631	7.743e-01
MECP2	0.388	3.491e-01	-3.368	0.580	0.632	7.756e-01
EGLN2	0.045	4.819e-01	-0.389	0.560	0.632	7.756e-01
GRIP1	-0.550	7.089e-01	0.488	0.558	0.633	7.788e-01
ZNF750	-0.454	6.753e-01	0.846	0.543	0.634	7.807e-01
NR0B1	0.456	3.241e-01	-2.397	0.573	0.636	7.826e-01
MKL1	0.475	3.173e-01	-2.613	0.574	0.636	7.838e-01
ZNF17	-0.718	7.637e-01	1.370	0.532	0.636	7.838e-01
CHD7	-1.069	8.575e-01	-1.447	0.602	0.637	7.845e-01
ZNF788	-0.434	6.679e-01	0.529	0.551	0.639	7.882e-01
EP300	-7.292	1.000e+00	-1.348	0.616	0.639	7.888e-01
SND1	-0.364	6.422e-01	0.062	0.559	0.642	7.932e-01
ZNF133	-0.827	7.959e-01	1.518	0.528	0.642	7.938e-01
EPAS1	-0.196	5.776e-01	0.224	0.551	0.643	7.962e-01
SPDEF	0.201	4.205e-01	-1.349	0.571	0.644	7.968e-01
ZNF547	0.142	4.437e-01	-0.966	0.568	0.644	7.968e-01
NCAPG2	-0.569	7.153e-01	0.969	0.538	0.645	7.986e-01
ATF2	-1.103	8.650e-01	-1.003	0.595	0.646	7.999e-01
ASH2L	-0.373	6.454e-01	0.429	0.549	0.646	8.005e-01
ZNF554	-0.127	5.506e-01	0.001	0.554	0.647	8.023e-01
HIRA	-0.644	7.403e-01	0.020	0.565	0.647	8.023e-01
JMJD6	-0.561	7.128e-01	-1.667	0.593	0.649	8.052e-01
ETV6	-0.489	6.875e-01	0.207	0.558	0.650	8.064e-01
ZBTB42	-0.098	5.392e-01	-0.128	0.555	0.650	8.070e-01
ZNF623	0.140	4.444e-01	-0.920	0.565	0.652	8.111e-01
UHRF2	0.213	4.157e-01	-1.093	0.566	0.654	8.140e-01
RXRA	-0.639	7.385e-01	-0.672	0.577	0.655	8.146e-01
ZNF765	-0.662	7.461e-01	0.972	0.534	0.655	8.152e-01
ZNF169	-0.727	7.663e-01	1.126	0.532	0.655	8.152e-01
ZNF549	-0.538	7.045e-01	0.803	0.539	0.655	8.158e-01
GTF3C5	0.179	4.288e-01	-1.623	0.571	0.656	8.163e-01
TLX1	-0.241	5.954e-01	0.123	0.550	0.658	8.198e-01
E2F2	0.030	4.879e-01	-0.611	0.560	0.658	8.203e-01
ZNF324	0.400	3.446e-01	-3.225	0.572	0.659	8.214e-01
NFATC3	0.009	4.964e-01	-0.576	0.559	0.659	8.214e-01
FOXA2	-6.488	1.000e+00	-0.893	0.600	0.661	8.248e-01
SCRT2	-0.423	6.637e-01	0.270	0.548	0.661	8.248e-01
FOXO1	-1.204	8.857e-01	-0.082	0.570	0.663	8.281e-01
EED	-0.920	8.212e-01	0.364	0.558	0.664	8.298e-01
CHD4	0.204	4.193e-01	-1.214	0.564	0.666	8.320e-01
RUNX3	-0.257	6.015e-01	0.061	0.549	0.666	8.325e-01
JUND	-2.469	9.932e-01	-1.028	0.598	0.666	8.330e-01
CBX6	-0.014	5.054e-01	-1.301	0.570	0.667	8.341e-01
TBX21	-0.547	7.077e-01	-0.174	0.562	0.668	8.347e-01
SRC	-0.443	6.712e-01	-0.543	0.568	0.668	8.352e-01
GFI1B	-0.430	6.663e-01	-0.816	0.572	0.668	8.357e-01
KDM1B	-1.238	8.921e-01	1.482	0.513	0.669	8.373e-01
ZNF573	-0.424	6.642e-01	0.320	0.544	0.670	8.379e-01
ZNF534	-0.192	5.763e-01	-0.172	0.551	0.671	8.394e-01
KLF8	0.376	3.535e-01	-2.588	0.569	0.671	8.394e-01
EMX1	0.038	4.850e-01	-1.711	0.571	0.671	8.400e-01
GATA6	-4.724	1.000e+00	-0.137	0.577	0.673	8.420e-01
NKX2-1	-1.655	9.511e-01	0.371	0.563	0.673	8.426e-01
ZIM3	-1.575	9.424e-01	1.355	0.531	0.673	8.426e-01
ZNF586	-1.392	9.180e-01	1.535	0.508	0.674	8.436e-01
SOX4	-0.510	6.950e-01	0.083	0.553	0.675	8.462e-01
HNF1A	-1.609	9.462e-01	0.266	0.563	0.676	8.467e-01
GATA4	-5.350	1.000e+00	-0.619	0.588	0.676	8.467e-01
ZNF675	-0.778	7.817e-01	0.912	0.530	0.677	8.482e-01
ZNF488	-0.451	6.740e-01	0.076	0.550	0.678	8.502e-01
TERF2	-0.056	5.224e-01	-0.546	0.557	0.680	8.522e-01
GATA3	-9.186	1.000e+00	-0.125	0.576	0.680	8.527e-01
CEBPG	-1.445	9.258e-01	0.813	0.546	0.684	8.576e-01
ARID3A	-0.812	7.915e-01	0.443	0.548	0.684	8.576e-01
LMNB1	-0.725	7.657e-01	0.750	0.532	0.684	8.586e-01
NEUROG2	-1.332	9.086e-01	0.305	0.557	0.685	8.591e-01
ZNF391	0.328	3.715e-01	-4.408	0.570	0.685	8.591e-01
ZNF792	0.278	3.906e-01	-2.326	0.566	0.685	8.596e-01
MAFF	-1.092	8.627e-01	0.829	0.538	0.685	8.596e-01
FUS	-0.278	6.096e-01	-0.507	0.558	0.685	8.596e-01
ZNF618	-0.152	5.605e-01	-0.421	0.553	0.686	8.600e-01
DNMT3A	-0.138	5.548e-01	-1.666	0.572	0.689	8.648e-01
HHEX	-0.763	7.772e-01	0.521	0.540	0.692	8.685e-01
ZNF382	-1.429	9.235e-01	0.325	0.555	0.692	8.690e-01
ZFP69B	0.250	4.013e-01	-2.414	0.566	0.693	8.694e-01
ARRB1	-0.542	7.059e-01	0.149	0.546	0.693	8.703e-01
SCRT1	-0.697	7.573e-01	0.089	0.551	0.693	8.703e-01
ZNF26	-0.873	8.086e-01	0.832	0.526	0.694	8.713e-01
HJURP	0.040	4.840e-01	-1.199	0.560	0.696	8.735e-01
PRMT5	-0.179	5.712e-01	-0.466	0.552	0.697	8.744e-01
ZNF483	0.148	4.412e-01	-2.007	0.564	0.697	8.753e-01
MECOM	-0.330	6.292e-01	-0.223	0.547	0.698	8.766e-01
SPIB	-1.605	9.457e-01	0.382	0.554	0.699	8.775e-01
ZNF217	-0.731	7.677e-01	0.545	0.531	0.700	8.784e-01
CHAT	-1.971	9.757e-01	1.381	0.511	0.700	8.784e-01
EBNA2	-0.312	6.226e-01	-0.309	0.547	0.702	8.806e-01
SETX	0.232	4.081e-01	-2.957	0.566	0.704	8.836e-01
EBNA3	-0.482	6.852e-01	-0.006	0.541	0.706	8.857e-01
ZNF414	0.227	4.104e-01	-3.210	0.567	0.706	8.861e-01
ZNF574	0.263	3.962e-01	-4.927	0.567	0.707	8.869e-01
CAMTA2	-0.296	6.165e-01	-0.400	0.548	0.708	8.877e-01
BRD9	-0.427	6.652e-01	-0.666	0.559	0.709	8.886e-01
ZNF44	-0.096	5.382e-01	-0.803	0.555	0.710	8.898e-01
ZNF84	-0.676	7.504e-01	0.249	0.533	0.712	8.930e-01
EHF	-0.325	6.275e-01	-1.432	0.569	0.712	8.930e-01
XCL1	0.069	4.724e-01	-1.887	0.561	0.713	8.938e-01
ZNF682	0.042	4.832e-01	-2.064	0.562	0.716	8.970e-01
HIC1	-0.001	5.004e-01	-1.533	0.559	0.717	8.982e-01
ZSCAN23	0.195	4.227e-01	-2.913	0.564	0.718	8.990e-01
ZNF280D	0.110	4.562e-01	-2.280	0.562	0.718	8.990e-01
STAT3	-1.464	9.284e-01	-1.356	0.581	0.719	9.001e-01
SOX11	-1.645	9.500e-01	0.878	0.523	0.719	9.001e-01
ZNF501	0.174	4.308e-01	-3.367	0.565	0.719	9.005e-01
SOX2	-5.875	1.000e+00	-0.862	0.581	0.720	9.013e-01
CHD5	-0.694	7.560e-01	0.190	0.533	0.720	9.016e-01
FOXP2	-0.188	5.746e-01	-2.800	0.572	0.721	9.020e-01
BATF3	-0.684	7.531e-01	0.152	0.533	0.722	9.031e-01
LIN9	-0.520	6.984e-01	-0.139	0.540	0.723	9.039e-01
MLLT3	-0.048	5.192e-01	-1.185	0.557	0.723	9.039e-01
ZXDC	-0.457	6.762e-01	-0.347	0.543	0.727	9.083e-01
BCAT1	-0.476	6.831e-01	-0.480	0.549	0.727	9.087e-01
INSM2	0.062	4.751e-01	-2.842	0.564	0.729	9.105e-01
ZNF692	0.029	4.885e-01	-2.319	0.562	0.729	9.108e-01
ZNF335	-0.045	5.179e-01	-1.978	0.561	0.731	9.126e-01
AGO1	-0.487	6.869e-01	-0.934	0.561	0.732	9.136e-01
CBX5	-0.886	8.122e-01	-0.583	0.560	0.733	9.140e-01
H3F3B	-0.781	7.826e-01	0.208	0.529	0.734	9.150e-01
MYF5	-0.178	5.706e-01	-0.922	0.552	0.734	9.157e-01
NEUROD1	-2.284	9.888e-01	-0.662	0.571	0.735	9.160e-01
INTS3	-0.030	5.119e-01	-1.653	0.557	0.735	9.160e-01
SOX10	-0.904	8.170e-01	0.320	0.525	0.736	9.171e-01
CBX4	0.108	4.568e-01	-3.244	0.562	0.737	9.177e-01
C17orf49	0.062	4.754e-01	-3.339	0.563	0.739	9.204e-01
ZNF2	-0.350	6.368e-01	-0.913	0.555	0.740	9.207e-01
PBX3	-0.933	8.246e-01	-2.009	0.576	0.742	9.224e-01
ZKSCAN5	0.025	4.899e-01	-2.583	0.560	0.743	9.236e-01
ZNF641	-0.039	5.154e-01	-2.265	0.560	0.743	9.240e-01
ZNF674	-0.029	5.117e-01	-2.080	0.558	0.746	9.265e-01
ZXDB	0.066	4.735e-01	-3.586	0.561	0.748	9.277e-01
MAFK	-1.802	9.642e-01	-0.655	0.567	0.749	9.287e-01
HIF1A	-0.893	8.141e-01	-2.018	0.574	0.749	9.287e-01
ZNF350	-0.023	5.091e-01	-2.328	0.558	0.751	9.302e-01
ZSCAN16	-0.466	6.793e-01	-2.070	0.567	0.751	9.302e-01
CBX2	-0.607	7.279e-01	-0.348	0.536	0.751	9.308e-01
OVOL3	-0.063	5.250e-01	-3.104	0.563	0.752	9.314e-01
PPARG	-2.385	9.915e-01	-0.896	0.571	0.754	9.329e-01
HDAC3	-1.504	9.337e-01	-0.613	0.561	0.755	9.335e-01
TP73	-2.031	9.789e-01	0.148	0.545	0.755	9.335e-01
AHR	-1.825	9.660e-01	0.231	0.538	0.756	9.343e-01
JUN	-3.037	9.988e-01	-0.740	0.570	0.756	9.349e-01
HDAC4	-0.294	6.155e-01	-0.971	0.548	0.757	9.355e-01
MRE11A	-0.286	6.124e-01	-1.519	0.557	0.758	9.363e-01
ERF	-1.445	9.258e-01	-0.232	0.547	0.761	9.383e-01
TAT	-0.427	6.652e-01	-0.745	0.543	0.761	9.386e-01
ZNF649	-1.591	9.442e-01	0.435	0.495	0.763	9.400e-01
EHMT2	-5.109	1.000e+00	-3.612	0.591	0.764	9.405e-01
CCND2	-0.082	5.327e-01	-2.222	0.555	0.765	9.416e-01
CDX2	-2.273	9.885e-01	-0.310	0.555	0.766	9.421e-01
ZFAT	-0.807	7.900e-01	-0.219	0.529	0.768	9.437e-01
TCF21	-1.149	8.747e-01	-0.280	0.539	0.769	9.442e-01
TTF1	-0.894	8.144e-01	-0.337	0.536	0.769	9.447e-01
IRF4	-1.484	9.312e-01	-0.377	0.549	0.770	9.450e-01
WT1	-0.231	5.914e-01	-1.907	0.554	0.771	9.458e-01
ZNF786	-0.052	5.207e-01	-2.614	0.557	0.771	9.460e-01
BATF	-1.283	9.003e-01	-0.361	0.544	0.772	9.465e-01
FXR2	-0.491	6.881e-01	-0.752	0.541	0.774	9.478e-01
DLX2	-1.036	8.498e-01	-0.055	0.520	0.774	9.480e-01
GLYR1	-0.022	5.089e-01	-4.530	0.558	0.774	9.483e-01
CEBPB	-8.573	1.000e+00	-0.590	0.564	0.776	9.493e-01
JARID2	-2.754	9.971e-01	-0.092	0.545	0.776	9.493e-01
ZNF695	-0.036	5.145e-01	-3.407	0.557	0.776	9.495e-01
SMARCC1	-2.126	9.832e-01	-1.318	0.571	0.777	9.502e-01
HOXA2	-0.126	5.501e-01	-2.359	0.554	0.778	9.507e-01
ZNF580	-0.097	5.386e-01	-4.157	0.559	0.778	9.507e-01
BANF1	-1.346	9.108e-01	-0.283	0.535	0.778	9.509e-01
ZNF394	-0.112	5.448e-01	-2.779	0.556	0.779	9.514e-01
PRDM10	-0.314	6.233e-01	-1.641	0.551	0.781	9.528e-01
HMG20A	-0.874	8.088e-01	-0.351	0.526	0.785	9.553e-01
PRDM14	-0.784	7.835e-01	-0.429	0.529	0.786	9.560e-01
SP7	-0.239	5.945e-01	-2.194	0.552	0.787	9.562e-01
POU3F2	-0.247	5.975e-01	-2.256	0.553	0.787	9.562e-01
WRNIP1	-0.283	6.115e-01	-1.855	0.548	0.788	9.571e-01
CBFA2T2	-0.462	6.781e-01	-1.045	0.542	0.788	9.573e-01
TBX5	-2.781	9.973e-01	0.191	0.521	0.791	9.590e-01
GPS2	-0.159	5.633e-01	-2.628	0.553	0.792	9.593e-01
ZFP37	-0.119	5.475e-01	-3.795	0.556	0.792	9.595e-01
ZNF346	-0.131	5.521e-01	-5.361	0.557	0.793	9.599e-01
ZNF93	-0.490	6.880e-01	-1.017	0.541	0.793	9.601e-01
FOSL2	-6.575	1.000e+00	-0.806	0.563	0.794	9.607e-01
ZNF362	-0.739	7.701e-01	-0.774	0.541	0.796	9.615e-01
SMAD3	-3.387	9.996e-01	-0.745	0.559	0.798	9.629e-01
MEF2B	-2.743	9.970e-01	-0.296	0.542	0.798	9.629e-01
SMAD2	-2.190	9.857e-01	0.014	0.521	0.799	9.633e-01
UBE2I	-0.244	5.964e-01	-2.366	0.550	0.799	9.633e-01
PRMT1	-1.216	8.879e-01	-0.552	0.534	0.802	9.653e-01
ZNF425	-0.528	7.012e-01	-1.076	0.540	0.803	9.656e-01
ZSCAN2	-0.571	7.161e-01	-0.973	0.538	0.804	9.660e-01
MBOAT4	-0.159	5.631e-01	-4.174	0.553	0.805	9.668e-01
TEAD4	-3.248	9.994e-01	-0.840	0.558	0.807	9.675e-01
ATF4	-3.198	9.993e-01	-0.990	0.562	0.807	9.678e-01
ZNF664	-0.578	7.182e-01	-1.264	0.545	0.808	9.680e-01
BTAF1	-0.461	6.778e-01	-1.498	0.542	0.808	9.680e-01
ZNF518A	-0.228	5.903e-01	-4.417	0.554	0.809	9.687e-01
EWSR1	-1.514	9.350e-01	-1.050	0.555	0.811	9.696e-01
TLE3	-3.517	9.998e-01	-0.028	0.520	0.812	9.701e-01
SS18	-0.492	6.888e-01	-2.579	0.555	0.812	9.701e-01
MYOG	-1.809	9.648e-01	-0.225	0.517	0.812	9.701e-01
TRIM22	-1.013	8.445e-01	-0.690	0.533	0.813	9.706e-01
SFPQ	-1.500	9.332e-01	-0.312	0.502	0.816	9.718e-01
CTCF	-23.096	1.000e+00	-1.259	0.566	0.816	9.721e-01
NANOG	-6.126	1.000e+00	-0.436	0.545	0.816	9.721e-01
POU5F1	-5.813	1.000e+00	-0.569	0.549	0.817	9.723e-01
DUX4	-2.589	9.952e-01	-0.157	0.517	0.817	9.726e-01
PROX1	-0.789	7.850e-01	-1.467	0.550	0.819	9.731e-01
ZNF558	-0.508	6.944e-01	-2.167	0.549	0.819	9.733e-01
ZNF182	-0.835	7.982e-01	-0.758	0.527	0.821	9.741e-01
NKX3-1	-2.083	9.814e-01	-0.235	0.513	0.821	9.744e-01
PGR	-1.308	9.045e-01	-0.529	0.511	0.825	9.757e-01
NR1H3	-1.186	8.823e-01	-1.038	0.544	0.828	9.769e-01
SMAD2-SMAD3	-1.836	9.668e-01	-0.984	0.551	0.829	9.775e-01
RAD21	-8.743	1.000e+00	-1.919	0.568	0.829	9.776e-01
RING1	-1.596	9.447e-01	-0.921	0.545	0.830	9.780e-01
WWTR1	-1.336	9.092e-01	-0.670	0.525	0.831	9.783e-01
ZSCAN20	-0.508	6.942e-01	-2.497	0.547	0.831	9.785e-01
ZNF671	-0.381	6.484e-01	-2.830	0.545	0.832	9.786e-01
NR1H2	-1.096	8.634e-01	-1.346	0.545	0.836	9.801e-01
OSR2	-0.931	8.240e-01	-1.430	0.544	0.836	9.802e-01
MKL2	-1.029	8.481e-01	-2.025	0.552	0.837	9.806e-01
TSHZ1	-0.577	7.179e-01	-3.192	0.552	0.837	9.806e-01
ICE1	-0.466	6.794e-01	-3.169	0.548	0.838	9.807e-01
DEK	-0.657	7.443e-01	-3.121	0.553	0.839	9.812e-01
PAX6	-1.783	9.627e-01	-1.776	0.557	0.840	9.816e-01
ATF7IP	-1.381	9.164e-01	-1.629	0.550	0.841	9.818e-01
PITX3	-0.914	8.196e-01	-0.949	0.525	0.842	9.822e-01
ERCC3	-0.588	7.217e-01	-2.015	0.537	0.843	9.825e-01
MEIS1	-1.917	9.724e-01	-0.611	0.526	0.844	9.831e-01
SIX1	-1.476	9.300e-01	-1.371	0.547	0.845	9.833e-01
EBNA3C	-2.075	9.810e-01	-0.578	0.524	0.845	9.833e-01
EBF3	-2.369	9.911e-01	-0.579	0.526	0.847	9.839e-01
LHX2	-1.577	9.426e-01	-1.108	0.541	0.850	9.848e-01
PIAS1	-5.941	1.000e+00	-0.415	0.515	0.851	9.850e-01
HOXB13	-6.578	1.000e+00	-0.448	0.519	0.855	9.862e-01
CENPC	-1.612	9.465e-01	-0.649	0.493	0.856	9.864e-01
PHOX2B	-1.717	9.570e-01	-0.597	0.468	0.856	9.866e-01
PAX3	-1.587	9.437e-01	-0.714	0.496	0.858	9.872e-01
PRDM6	-1.335	9.090e-01	-0.911	0.510	0.859	9.874e-01
ERCC2	-0.753	7.742e-01	-1.858	0.531	0.860	9.876e-01
KMT2B	-0.831	7.971e-01	-1.478	0.528	0.860	9.877e-01
FOXH1	-1.956	9.748e-01	-0.691	0.515	0.861	9.878e-01
CENPT	-1.726	9.578e-01	-0.652	0.459	0.862	9.883e-01
ZNF585A	-0.778	7.818e-01	-1.834	0.530	0.863	9.884e-01
CTNNB1	-1.690	9.545e-01	-0.677	0.482	0.863	9.885e-01
NUP98-HOXA9	-1.730	9.582e-01	-0.663	0.445	0.865	9.889e-01
SUMO1	-4.016	1.000e+00	-1.184	0.547	0.866	9.892e-01
EOMES	-3.148	9.992e-01	-0.597	0.505	0.867	9.893e-01
DAXX	-1.475	9.299e-01	-1.003	0.520	0.867	9.895e-01
TEAD1	-3.162	9.992e-01	-0.712	0.516	0.872	9.905e-01
STAG1	-5.612	1.000e+00	-1.248	0.546	0.872	9.906e-01
ZBTB2	-1.727	9.579e-01	-0.912	0.514	0.874	9.909e-01
ELF3	-1.168	8.786e-01	-1.624	0.529	0.874	9.911e-01
PCGF2	-1.719	9.572e-01	-0.936	0.515	0.875	9.913e-01
NOTCH3	-1.631	9.485e-01	-0.898	0.491	0.876	9.915e-01
HNF1B	-1.607	9.460e-01	-0.930	0.494	0.878	9.918e-01
ZNF366	-0.750	7.734e-01	-3.245	0.541	0.878	9.918e-01
SIX2	-3.470	9.997e-01	-0.713	0.509	0.879	9.920e-01
PGBD3	-1.280	8.996e-01	-1.373	0.512	0.881	9.925e-01
MAML3	-3.439	9.997e-01	-0.676	0.472	0.882	9.926e-01
ZNF35	-0.720	7.641e-01	-2.861	0.532	0.883	9.927e-01
DRAP1	-1.013	8.444e-01	-1.866	0.521	0.884	9.929e-01
HES2	-6.224	1.000e+00	-0.834	0.523	0.885	9.932e-01
HAND2	-1.679	9.534e-01	-0.995	0.485	0.886	9.934e-01
ICE2	-0.707	7.604e-01	-3.423	0.532	0.886	9.934e-01
PRDM1	-1.914	9.722e-01	-2.385	0.547	0.890	9.940e-01
FEZF1	-1.507	9.341e-01	-1.957	0.531	0.890	9.940e-01
ESCO2	-0.763	7.773e-01	-3.055	0.530	0.891	9.941e-01
SMARCA2	-2.403	9.919e-01	-0.970	0.484	0.898	9.952e-01
SSU72	-1.551	9.395e-01	-1.490	0.499	0.901	9.956e-01
ZNF800	-1.409	9.206e-01	-2.167	0.523	0.904	9.960e-01
OTX2	-6.707	1.000e+00	-1.134	0.523	0.904	9.961e-01
SMC1A	-5.890	1.000e+00	-2.821	0.551	0.906	9.962e-01
HOXC9	-2.274	9.885e-01	-1.204	0.494	0.907	9.963e-01
PDX1	-2.081	9.813e-01	-1.457	0.509	0.911	9.968e-01
KDM3B	-1.468	9.289e-01	-2.998	0.524	0.923	9.980e-01
ZNF654	-2.194	9.859e-01	-1.868	0.499	0.926	9.982e-01
TEAD1-TEAD4	-1.714	9.567e-01	-2.130	0.470	0.929	9.984e-01
LMNA	-2.270	9.884e-01	-2.085	0.501	0.933	9.987e-01
SMC3	-7.048	1.000e+00	-2.391	0.530	0.938	9.989e-01
TOP1	-2.624	9.957e-01	-4.416	0.534	0.941	9.991e-01
