from.id	from.cord	to.id	to.cord
2	80000	29	1160000
30	1200000	79	3160000
82	3280000	122	4880000
123	4920000	235	9400000
236	9440000	255	10200000
256	10240000	289	11560000
290	11600000	307	12280000
308	12320000	341	13640000
342	13680000	364	14560000
365	14600000	377	15080000
378	15120000	422	16880000
423	16920000	444	17760000
457	18280000	501	20040000
502	20080000	514	20560000
515	20600000	596	23840000
597	23880000	633	25320000
634	25360000	733	29320000
734	29360000	755	30200000
756	30240000	784	31360000
785	31400000	823	32920000
824	32960000	828	33120000
829	33160000	907	36280000
908	36320000	940	37600000
941	37640000	978	39120000
1058	42320000	1069	42760000
1070	42800000	1155	46200000
1173	46920000	1178	47120000
1188	47520000	1192	47680000
1207	48280000	1216	48640000
1234	49360000	1248	49920000
1249	49960000	1257	50280000
1258	50320000	1264	50560000
1265	50600000	1278	51120000
1300	52000000	1398	55920000
1399	55960000	1428	57120000
1429	57160000	1510	60400000
1511	60440000	1523	60920000
1524	60960000	1802	72080000
1803	72120000	1893	75720000
1894	75760000	1897	75880000
1898	75920000	1913	76520000
1914	76560000	2154	86160000
2155	86200000	2170	86800000
2171	86840000	2184	87360000
2185	87400000	2191	87640000
2192	87680000	2210	88400000
2211	88440000	2217	88680000
2218	88720000	2225	89000000
2231	89240000	2253	90120000
2254	90160000	2257	90280000
2258	90320000	2308	92320000
2309	92360000	2449	97960000
2450	98000000	2477	99080000
2478	99120000	2547	101880000
2548	101920000	2568	102720000
2569	102760000	2583	103320000
2584	103360000	2597	103880000
2598	103920000	2665	106600000
2666	106640000	2688	107520000
2691	107640000	2716	108640000
2718	108720000	2730	109200000
2732	109280000	2760	110400000
2762	110480000	2782	111280000
2784	111360000	2787	111480000
2789	111560000	2814	112560000
2820	112800000	2824	112960000
2830	113200000	2852	114080000
2857	114280000	2869	114760000
2870	114800000	2926	117040000
2927	117080000	2980	119200000
2981	119240000	3009	120360000
3010	120400000	3120	124800000
3121	124840000	3125	125000000
3126	125040000	3135	125400000
3136	125440000	3146	125840000
3148	125920000	3184	127360000
3185	127400000	3195	127800000
3196	127840000	3215	128600000
