from.id	from.cord	to.id	to.cord
504	20160000	983	39320000
986	39440000	1002	40080000
1003	40120000	1017	40680000
1018	40720000	1121	44840000
1122	44880000	1127	45080000
1128	45120000	1145	45800000
1146	45840000	1168	46720000
1169	46760000	1246	49840000
1247	49880000	1268	50720000
1269	50760000	1439	57560000
1440	57600000	1457	58280000
1458	58320000	1486	59440000
1487	59480000	1496	59840000
1497	59880000	1526	61040000
1527	61080000	1561	62440000
1562	62480000	1632	65280000
1633	65320000	1642	65680000
1643	65720000	1675	67000000
1676	67040000	1809	72360000
1810	72400000	1845	73800000
1846	73840000	1945	77800000
1946	77840000	1964	78560000
1965	78600000	1971	78840000
1972	78880000	1987	79480000
1988	79520000	2000	80000000
2001	80040000	2063	82520000
2064	82560000	2093	83720000
2094	83760000	2137	85480000
2138	85520000	2163	86520000
2164	86560000	2182	87280000
