from.id	from.cord	to.id	to.cord
500	20000000	504	20160000
510	20400000	515	20600000
557	22280000	564	22560000
566	22640000	581	23240000
590	23600000	713	28520000
723	28920000	728	29120000
730	29200000	759	30360000
772	30880000	811	32440000
822	32880000	866	34640000
868	34720000	1098	43920000
1100	44000000	1155	46200000
1156	46240000	1166	46640000
1167	46680000	1174	46960000
1175	47000000	1223	48920000
1224	48960000	1356	54240000
1357	54280000	1366	54640000
1367	54680000	1382	55280000
1383	55320000	1416	56640000
1417	56680000	1435	57400000
1436	57440000	1466	58640000
1467	58680000	1492	59680000
1493	59720000	1524	60960000
1525	61000000	1559	62360000
1560	62400000	1583	63320000
1584	63360000	1603	64120000
1604	64160000	1614	64560000
1615	64600000	1681	67240000
1684	67360000	1687	67480000
1688	67520000	1708	68320000
1709	68360000	1720	68800000
1721	68840000	1733	69320000
1734	69360000	1810	72400000
1811	72440000	1850	74000000
1851	74040000	1858	74320000
1860	74400000	1911	76440000
1912	76480000	1945	77800000
1946	77840000	1956	78240000
