from.id	from.cord	to.id	to.cord
3	120000	27	1080000
28	1120000	71	2840000
72	2880000	110	4400000
111	4440000	115	4600000
116	4640000	142	5680000
145	5800000	167	6680000
171	6840000	192	7680000
193	7720000	249	9960000
250	10000000	317	12680000
318	12720000	358	14320000
359	14360000	394	15760000
396	15840000	438	17520000
439	17560000	498	19920000
499	19960000	513	20520000
514	20560000	529	21160000
530	21200000	743	29720000
744	29760000	809	32360000
811	32440000	815	32600000
817	32680000	822	32880000
824	32960000	869	34760000
871	34840000	879	35160000
881	35240000	886	35440000
888	35520000	903	36120000
905	36200000	919	36760000
920	36800000	936	37440000
937	37480000	969	38760000
975	39000000	979	39160000
1102	44080000	1105	44200000
1708	68320000	1712	68480000
1774	70960000	1832	73280000
1834	73360000	2308	92320000
2317	92680000	2609	104360000
2614	104560000	2627	105080000
2628	105120000	2651	106040000
2652	106080000	2666	106640000
2667	106680000	2743	109720000
