from.id	from.cord	to.id	to.cord
6	240000	154	6160000
155	6200000	181	7240000
185	7400000	190	7600000
193	7720000	207	8280000
208	8320000	281	11240000
282	11280000	291	11640000
292	11680000	361	14440000
362	14480000	373	14920000
375	15000000	388	15520000
389	15560000	425	17000000
426	17040000	446	17840000
447	17880000	508	20320000
509	20360000	512	20480000
514	20560000	521	20840000
523	20920000	543	21720000
544	21760000	559	22360000
560	22400000	614	24560000
693	27720000	699	27960000
700	28000000	705	28200000
706	28240000	752	30080000
754	30160000	768	30720000
770	30800000	773	30920000
775	31000000	778	31120000
780	31200000	830	33200000
831	33240000	865	34600000
866	34640000	881	35240000
882	35280000	906	36240000
907	36280000	913	36520000
914	36560000	918	36720000
920	36800000	929	37160000
930	37200000	943	37720000
945	37800000	974	38960000
975	39000000	1001	40040000
1002	40080000	1008	40320000
1009	40360000	1017	40680000
1018	40720000	1032	41280000
1033	41320000	1060	42400000
1061	42440000	1074	42960000
1078	43120000	1084	43360000
1088	43520000	1108	44320000
1109	44360000	1196	47840000
1197	47880000	1215	48600000
1216	48640000	1257	50280000
1258	50320000	1272	50880000
1276	51040000	1282	51280000
1283	51320000	1316	52640000
1317	52680000	1332	53280000
1333	53320000	1337	53480000
1338	53520000	1348	53920000
1349	53960000	1359	54360000
1360	54400000	1381	55240000
