from.id	from.cord	to.id	to.cord
12	480000	29	1160000
30	1200000	109	4360000
110	4400000	122	4880000
123	4920000	178	7120000
179	7160000	189	7560000
190	7600000	245	9800000
246	9840000	265	10600000
266	10640000	387	15480000
388	15520000	392	15680000
393	15720000	399	15960000
400	16000000	408	16320000
409	16360000	431	17240000
432	17280000	451	18040000
452	18080000	457	18280000
459	18360000	473	18920000
478	19120000	509	20360000
511	20440000	538	21520000
542	21680000	556	22240000
631	25240000	638	25520000
641	25640000	664	26560000
667	26680000	690	27600000
692	27680000	695	27800000
697	27880000	705	28200000
707	28280000	717	28680000
719	28760000	723	28920000
726	29040000	745	29800000
747	29880000	750	30000000
751	30040000	756	30240000
757	30280000	862	34480000
870	34800000	874	34960000
875	35000000	893	35720000
894	35760000	927	37080000
928	37120000	939	37560000
940	37600000	1002	40080000
1003	40120000	1014	40560000
1015	40600000	1026	41040000
1027	41080000	1033	41320000
1034	41360000	1045	41800000
1046	41840000	1098	43920000
1099	43960000	1108	44320000
1119	44760000	1123	44920000
1124	44960000	1134	45360000
1135	45400000	1189	47560000
1192	47680000	1200	48000000
1201	48040000	1209	48360000
1210	48400000	1213	48520000
1215	48600000	1313	52520000
1314	52560000	1319	52760000
1320	52800000	1333	53320000
1334	53360000	1376	55040000
1377	55080000	1424	56960000
1425	57000000	1438	57520000
1439	57560000	1471	58840000
1472	58880000	1478	59120000
1479	59160000	1497	59880000
1498	59920000	1514	60560000
1515	60600000	1528	61120000
1529	61160000	1671	66840000
1673	66920000	1716	68640000
1717	68680000	1725	69000000
1726	69040000	1733	69320000
1734	69360000	1749	69960000
1750	70000000	1762	70480000
1763	70520000	1924	76960000
