from.id	from.cord	to.id	to.cord
18	720000	64	2560000
67	2680000	91	3640000
92	3680000	95	3800000
100	4000000	115	4600000
119	4760000	122	4880000
123	4920000	172	6880000
173	6920000	185	7400000
186	7440000	191	7640000
192	7680000	245	9800000
246	9840000	263	10520000
264	10560000	323	12920000
344	13760000	362	14480000
366	14640000	370	14800000
372	14880000	398	15920000
399	15960000	414	16560000
415	16600000	427	17080000
429	17160000	495	19800000
496	19840000	515	20600000
516	20640000	606	24240000
609	24360000	656	26240000
657	26280000	668	26720000
669	26760000	746	29840000
750	30000000	896	35840000
897	35880000	928	37120000
929	37160000	954	38160000
955	38200000	971	38840000
972	38880000	995	39800000
996	39840000	1138	45520000
1139	45560000	1145	45800000
1146	45840000	1160	46400000
1161	46440000	1178	47120000
1179	47160000	1196	47840000
1197	47880000	1219	48760000
1220	48800000	1224	48960000
1225	49000000	1578	63120000
1579	63160000	1607	64280000
1608	64320000	1732	69280000
1733	69320000	1739	69560000
1740	69600000	1835	73400000
1836	73440000	1875	75000000
1876	75040000	1927	77080000
1928	77120000	1940	77600000
1941	77640000	1996	79840000
1997	79880000	2012	80480000
2013	80520000	2236	89440000
2237	89480000	2274	90960000
2275	91000000	2283	91320000
2284	91360000	2408	96320000
2409	96360000	2418	96720000
2421	96840000	2430	97200000
2431	97240000	2594	103760000
2600	104000000	2603	104120000
2607	104280000	2718	108720000
2725	109000000	2881	115240000
2882	115280000	2891	115640000
2892	115680000	2900	116000000
2901	116040000	2916	116640000
2917	116680000	2922	116880000
2923	116920000	2999	119960000
3000	120000000	3008	120320000
3009	120360000	3017	120680000
3027	121080000	3031	121240000
3563	142520000	3566	142640000
3620	144800000	3629	145160000
3634	145360000	3645	145800000
3661	146440000	3685	147400000
3725	149000000	3734	149360000
3741	149640000	3744	149760000
3746	149840000	3813	152520000
3815	152600000	4473	178920000
4474	178960000	4489	179560000
4490	179600000	4938	197520000
4939	197560000	4977	199080000
4978	199120000	5067	202680000
5068	202720000	5114	204560000
5115	204600000	5147	205880000
5152	206080000	5158	206320000
5162	206480000	5174	206960000
5175	207000000	5195	207800000
5196	207840000	5339	213560000
5340	213600000	5356	214240000
5357	214280000	5373	214920000
5374	214960000	5460	218400000
5461	218440000	5510	220400000
5511	220440000	5521	220840000
