from.id	from.cord	to.id	to.cord
0	0	13	520000
14	560000	35	1400000
38	1520000	43	1720000
44	1760000	122	4880000
123	4920000	166	6640000
168	6720000	178	7120000
179	7160000	195	7800000
196	7840000	228	9120000
234	9360000	345	13800000
346	13840000	386	15440000
387	15480000	410	16400000
411	16440000	443	17720000
444	17760000	471	18840000
472	18880000	523	20920000
524	20960000	680	27200000
681	27240000	701	28040000
702	28080000	773	30920000
774	30960000	825	33000000
826	33040000	911	36440000
912	36480000	941	37640000
944	37760000	947	37880000
950	38000000	953	38120000
1020	40800000	1027	41080000
1101	44040000	1105	44200000
1108	44320000	1115	44600000
1155	46200000	1158	46320000
1171	46840000	1175	47000000
1226	49040000	1232	49280000
1317	52680000	1625	65000000
1626	65040000	1677	67080000
1678	67120000	1724	68960000
1725	69000000	1734	69360000
1737	69480000	1881	75240000
1887	75480000	2187	87480000
2188	87520000	2197	87880000
2198	87920000	2257	90280000
2258	90320000	2288	91520000
2289	91560000	2371	94840000
2372	94880000	2420	96800000
2421	96840000	2492	99680000
2493	99720000	2524	100960000
2525	101000000	2543	101720000
2544	101760000	2565	102600000
2566	102640000	2768	110720000
2769	110760000	2815	112600000
2816	112640000	2915	116600000
2916	116640000	2929	117160000
2930	117200000	2938	117520000
2939	117560000	2948	117920000
2949	117960000	2983	119320000
2984	119360000	3042	121680000
3043	121720000	3074	122960000
3075	123000000	3103	124120000
3104	124160000	3115	124600000
3116	124640000	3147	125880000
3148	125920000	3182	127280000
3183	127320000	3246	129840000
3247	129880000	3309	132360000
3310	132400000	3345	133800000
3346	133840000	3420	136800000
3421	136840000	3432	137280000
3433	137320000	3476	139040000
3477	139080000	3541	141640000
3542	141680000	3556	142240000
3557	142280000	3588	143520000
3589	143560000	3642	145680000
3643	145720000	3703	148120000
3704	148160000	3958	158320000
3959	158360000	3978	159120000
3979	159160000	4100	164000000
4101	164040000	4175	167000000
4176	167040000	4192	167680000
4193	167720000	4198	167920000
4199	167960000	4215	168600000
4216	168640000	4233	169320000
4234	169360000	4251	170040000
4252	170080000	4268	170720000
4269	170760000	4418	176720000
4419	176760000	4436	177440000
4437	177480000	4451	178040000
4452	178080000	4472	178880000
4473	178920000	4652	186080000
4653	186120000	4681	187240000
