from.id	from.cord	to.id	to.cord
1	40000	38	1520000
40	1600000	62	2480000
63	2520000	84	3360000
85	3400000	103	4120000
104	4160000	131	5240000
132	5280000	153	6120000
154	6160000	198	7920000
199	7960000	219	8760000
220	8800000	345	13800000
346	13840000	353	14120000
354	14160000	420	16800000
421	16840000	438	17520000
439	17560000	501	20040000
502	20080000	522	20880000
523	20920000	592	23680000
593	23720000	604	24160000
605	24200000	625	25000000
626	25040000	643	25720000
645	25800000	649	25960000
651	26040000	657	26280000
735	29400000	741	29640000
745	29800000	851	34040000
852	34080000	865	34600000
866	34640000	930	37200000
931	37240000	934	37360000
935	37400000	987	39480000
988	39520000	1000	40000000
1001	40040000	1010	40400000
1011	40440000	1025	41000000
1026	41040000	1083	43320000
1084	43360000	1091	43640000
1092	43680000	1124	44960000
1125	45000000	1135	45400000
1136	45440000	1154	46160000
1155	46200000	1167	46680000
1168	46720000	1171	46840000
1172	46880000	1176	47040000
1177	47080000	1194	47760000
1195	47800000	1228	49120000
1229	49160000	1240	49600000
1242	49680000	1246	49840000
1256	50240000	1260	50400000
1282	51280000	1288	51520000
1309	52360000	1313	52520000
1314	52560000	1323	52920000
1324	52960000	1415	56600000
1416	56640000	1456	58240000
1457	58280000	1488	59520000
