from.id	from.cord	to.id	to.cord
4	160000	7	280000
8	320000	46	1840000
47	1880000	55	2200000
56	2240000	105	4200000
106	4240000	125	5000000
126	5040000	170	6800000
172	6880000	175	7000000
207	8280000	216	8640000
220	8800000	224	8960000
226	9040000	297	11880000
308	12320000	328	13120000
332	13280000	335	13400000
338	13520000	344	13760000
347	13880000	368	14720000
369	14760000	398	15920000
399	15960000	455	18200000
456	18240000	509	20360000
510	20400000	521	20840000
522	20880000	535	21400000
536	21440000	573	22920000
574	22960000	591	23640000
592	23680000	601	24040000
602	24080000	708	28320000
709	28360000	720	28800000
721	28840000	758	30320000
759	30360000	778	31120000
779	31160000	805	32200000
806	32240000	815	32600000
816	32640000	833	33320000
834	33360000	946	37840000
947	37880000	969	38760000
970	38800000	1022	40880000
1023	40920000	1066	42640000
1067	42680000	1095	43800000
1171	46840000	1178	47120000
1179	47160000	1200	48000000
1201	48040000	1275	51000000
1276	51040000	1302	52080000
1303	52120000	1490	59600000
1491	59640000	1515	60600000
1516	60640000	1532	61280000
1533	61320000	1551	62040000
1552	62080000	1588	63520000
1589	63560000	1594	63760000
1595	63800000	1627	65080000
1628	65120000	1766	70640000
1767	70680000	1778	71120000
1779	71160000	1837	73480000
1838	73520000	1881	75240000
1882	75280000	1890	75600000
1893	75720000	1999	79960000
2000	80000000	2018	80720000
2019	80760000	2041	81640000
2043	81720000	2047	81880000
2049	81960000	2052	82080000
2054	82160000	2058	82320000
2104	84160000	2107	84280000
2155	86200000	2158	86320000
2171	86840000	2183	87320000
2184	87360000	2230	89200000
2231	89240000	2249	89960000
2250	90000000	2301	92040000
2302	92080000	2379	95160000
2380	95200000	2385	95400000
2386	95440000	2412	96480000
2413	96520000	2712	108480000
2713	108520000	2731	109240000
2732	109280000	2783	111320000
2784	111360000	2808	112320000
2809	112360000	2832	113280000
2833	113320000	2856	114240000
2857	114280000	2870	114800000
2871	114840000	2932	117280000
2933	117320000	3006	120240000
3007	120280000	3037	121480000
3038	121520000	3070	122800000
3071	122840000	3158	126320000
3159	126360000	3203	128120000
3204	128160000	3279	131160000
3280	131200000	3307	132280000
3308	132320000	3317	132680000
3318	132720000	3321	132840000
3322	132880000	3330	133200000
3331	133240000	3336	133440000
3337	133480000	3380	135200000
3381	135240000	3540	141600000
