from.id	from.cord	to.id	to.cord
1	40000	5	200000
9	360000	27	1080000
28	1120000	71	2840000
72	2880000	121	4840000
122	4880000	148	5920000
150	6000000	169	6760000
171	6840000	317	12680000
318	12720000	336	13440000
337	13480000	372	14880000
373	14920000	396	15840000
397	15880000	407	16280000
408	16320000	445	17800000
446	17840000	471	18840000
472	18880000	482	19280000
483	19320000	520	20800000
521	20840000	536	21440000
537	21480000	557	22280000
558	22320000	592	23680000
593	23720000	632	25280000
633	25320000	650	26000000
651	26040000	683	27320000
684	27360000	707	28280000
708	28320000	726	29040000
727	29080000	745	29800000
746	29840000	782	31280000
783	31320000	823	32920000
824	32960000	880	35200000
881	35240000	895	35800000
896	35840000	1008	40320000
1009	40360000	1049	41960000
1050	42000000	1076	43040000
1077	43080000	1093	43720000
1094	43760000	1207	48280000
1208	48320000	1254	50160000
1255	50200000	1290	51600000
1291	51640000	1373	54920000
1374	54960000	1421	56840000
1428	57120000	1436	57440000
1438	57520000	1450	58000000
1543	61720000	1547	61880000
1549	61960000	1568	62720000
1581	63240000	1624	64960000
1629	65160000	1638	65520000
1640	65600000	1649	65960000
1651	66040000	1654	66160000
1655	66200000	1659	66360000
1661	66440000	1680	67200000
1681	67240000	1686	67440000
1688	67520000	1692	67680000
1693	67720000	1716	68640000
1717	68680000	1746	69840000
1747	69880000	1772	70880000
1773	70920000	1780	71200000
1782	71280000	1810	72400000
1816	72640000	1837	73480000
1838	73520000	1853	74120000
1876	75040000	1915	76600000
1917	76680000	1964	78560000
1965	78600000	1987	79480000
1988	79520000	2074	82960000
2075	83000000	2109	84360000
2110	84400000	2126	85040000
2127	85080000	2164	86560000
2165	86600000	2196	87840000
2197	87880000	2224	88960000
2225	89000000	2254	90160000
2255	90200000	2273	90920000
2274	90960000	2291	91640000
2292	91680000	2308	92320000
2309	92360000	2332	93280000
2333	93320000	2380	95200000
2381	95240000	2403	96120000
2404	96160000	2442	97680000
2504	100160000	2507	100280000
2515	100600000	2552	102080000
2558	102320000	2619	104760000
2620	104800000	2634	105360000
2635	105400000	3113	124520000
3114	124560000	3153	126120000
3154	126160000	3253	130120000
3256	130240000	3428	137120000
3429	137160000	3455	138200000
3456	138240000	3556	142240000
3558	142320000	3580	143200000
3588	143520000	3596	143840000
3602	144080000	3768	150720000
3769	150760000	3818	152720000
