from.id	from.cord	to.id	to.cord
0	0	11	440000
12	480000	41	1640000
42	1680000	196	7840000
197	7880000	255	10200000
256	10240000	265	10600000
266	10640000	348	13920000
349	13960000	429	17160000
430	17200000	438	17520000
441	17640000	547	21880000
548	21920000	595	23800000
596	23840000	689	27560000
690	27600000	723	28920000
724	28960000	748	29920000
749	29960000	783	31320000
784	31360000	934	37360000
935	37400000	974	38960000
975	39000000	1159	46360000
1236	49440000	1241	49640000
1256	50240000	1261	50440000
1339	53560000	1342	53680000
1347	53880000	1350	54000000
1360	54400000	1364	54560000
1369	54760000	1372	54880000
1401	56040000	1406	56240000
1431	57240000	1434	57360000
1439	57560000	1442	57680000
1444	57760000	1448	57920000
1455	58200000	1461	58440000
1465	58600000	1471	58840000
1473	58920000	1480	59200000
1481	59240000	1520	60800000
1521	60840000	1554	62160000
1555	62200000	1614	64560000
1615	64600000	1619	64760000
1620	64800000	1660	66400000
1661	66440000	1699	67960000
1700	68000000	1720	68800000
1766	70640000	1771	70840000
1772	70880000	1777	71080000
1778	71120000	1784	71360000
1785	71400000	1811	72440000
1812	72480000	1995	79800000
1996	79840000	2025	81000000
2026	81040000	2230	89200000
2231	89240000	2280	91200000
2281	91240000	2290	91600000
2292	91680000	2322	92880000
2323	92920000	2366	94640000
2367	94680000	2390	95600000
2391	95640000	2413	96520000
2415	96600000	2495	99800000
2496	99840000	2514	100560000
2515	100600000	2524	100960000
2525	101000000	2535	101400000
2536	101440000	2582	103280000
2583	103320000	2670	106800000
2671	106840000	2685	107400000
2686	107440000	2713	108520000
2714	108560000	2747	109880000
2748	109920000	2799	111960000
2800	112000000	2982	119280000
2983	119320000	3015	120600000
3016	120640000	3080	123200000
3081	123240000	3091	123640000
3092	123680000	3167	126680000
3168	126720000	3191	127640000
3192	127680000	3196	127840000
3197	127880000	3269	130760000
3271	130840000	3294	131760000
3295	131800000	3426	137040000
3427	137080000	3459	138360000
3460	138400000	3469	138760000
3471	138840000	3491	139640000
3492	139680000	3803	152120000
3804	152160000	3840	153600000
3841	153640000	3903	156120000
3904	156160000	3921	156840000
3922	156880000	3968	158720000
3969	158760000	3982	159280000
3983	159320000	4008	160320000
4009	160360000	4108	164320000
4109	164360000	4120	164800000
4121	164840000	4195	167800000
4198	167920000	4282	171280000
4283	171320000	4321	172840000
4322	172880000	4348	173920000
4349	173960000	4391	175640000
