from.id	from.cord	to.id	to.cord
0	0	959	38360000
963	38520000	975	39000000
977	39080000	982	39280000
983	39320000	998	39920000
999	39960000	1289	51560000
1290	51600000	1339	53560000
1341	53640000	1346	53840000
1347	53880000	1351	54040000
1352	54080000	1360	54400000
1361	54440000	1373	54920000
1374	54960000	1420	56800000
1421	56840000	1451	58040000
1452	58080000	1467	58680000
1470	58800000	1486	59440000
1487	59480000	1550	62000000
1551	62040000	1590	63600000
1591	63640000	1618	64720000
1619	64760000	1664	66560000
1665	66600000	1685	67400000
1686	67440000	1694	67760000
1695	67800000	1714	68560000
1715	68600000	1807	72280000
1808	72320000	1824	72960000
1825	73000000	1837	73480000
1838	73520000	1848	73920000
1849	73960000	2089	83560000
2090	83600000	2143	85720000
2144	85760000	2168	86720000
2172	86880000	2178	87120000
2179	87160000	2235	89400000
2236	89440000	2261	90440000
2262	90480000	2314	92560000
2316	92640000	2340	93600000
2341	93640000	2387	95480000
