from.id	from.cord	to.id	to.cord
5	200000	43	1720000
44	1760000	73	2920000
74	2960000	139	5560000
140	5600000	170	6800000
171	6840000	411	16440000
412	16480000	433	17320000
434	17360000	517	20680000
518	20720000	611	24440000
612	24480000	668	26720000
670	26800000	713	28520000
714	28560000	731	29240000
732	29280000	756	30240000
757	30280000	769	30760000
770	30800000	784	31360000
785	31400000	798	31920000
800	32000000	811	32440000
813	32520000	819	32760000
821	32840000	828	33120000
829	33160000	893	35720000
894	35760000	913	36520000
914	36560000	940	37600000
941	37640000	975	39000000
976	39040000	989	39560000
990	39600000	1033	41320000
1034	41360000	1094	43760000
1095	43800000	1110	44400000
1111	44440000	1118	44720000
1119	44760000	1155	46200000
1156	46240000	1196	47840000
1197	47880000	1244	49760000
1245	49800000	1352	54080000
1353	54120000	1412	56480000
1413	56520000	1425	57000000
1426	57040000	1437	57480000
1438	57520000	1451	58040000
1453	58120000	1469	58760000
1547	61880000	1552	62080000
1554	62160000	1700	68000000
1701	68040000	1782	71280000
1783	71320000	2000	80000000
2001	80040000	2043	81720000
2044	81760000	2294	91760000
2295	91800000	2327	93080000
2328	93120000	2345	93800000
2346	93840000	2349	93960000
2350	94000000	2391	95640000
2395	95800000	2423	96920000
2424	96960000	2481	99240000
2485	99400000	2527	101080000
2528	101120000	2535	101400000
2536	101440000	2561	102440000
2562	102480000	2582	103280000
2583	103320000	2772	110880000
2773	110920000	2795	111800000
2796	111840000	2809	112360000
2810	112400000	2825	113000000
2826	113040000	2871	114840000
2872	114880000	2899	115960000
2900	116000000	3121	124840000
3122	124880000	3157	126280000
3158	126320000	3161	126440000
3162	126480000	3182	127280000
3183	127320000	3190	127600000
3191	127640000	3219	128760000
3220	128800000	3403	136120000
3404	136160000	3417	136680000
3418	136720000	3422	136880000
3484	139360000	3487	139480000
3519	140760000	3530	141200000
3533	141320000	3536	141440000
3628	145120000	3631	145240000
3633	145320000	3638	145520000
3671	146840000	3674	146960000
3678	147120000	3681	147240000
3690	147600000	3694	147760000
3744	149760000	3767	150680000
3768	150720000	3810	152400000
3811	152440000	3824	152960000
3825	153000000	3922	156880000
3923	156920000	3936	157440000
3942	157680000	3953	158120000
3954	158160000	3970	158800000
3971	158840000	3981	159240000
3982	159280000	4119	164760000
4120	164800000	4136	165440000
4137	165480000	4141	165640000
4142	165680000	4161	166440000
4162	166480000	4177	167080000
