from.id	from.cord	to.id	to.cord
67	2680000	93	3720000
96	3840000	164	6560000
165	6600000	190	7600000
192	7680000	215	8600000
216	8640000	462	18480000
463	18520000	488	19520000
489	19560000	758	30320000
759	30360000	808	32320000
809	32360000	838	33520000
839	33560000	842	33680000
843	33720000	878	35120000
879	35160000	927	37080000
929	37160000	1110	44400000
1111	44440000	1162	46480000
1163	46520000	1205	48200000
1207	48280000	1229	49160000
1234	49360000	1251	50040000
1252	50080000	1274	50960000
1275	51000000	1297	51880000
1299	51960000	1302	52080000
1314	52560000	1317	52680000
1325	53000000	1361	54440000
1362	54480000	1373	54920000
1374	54960000	1386	55440000
1389	55560000	1408	56320000
1409	56360000	1412	56480000
1418	56720000	1456	58240000
1542	61680000	1546	61840000
1548	61920000	1558	62320000
1562	62480000	1599	63960000
1600	64000000	1633	65320000
1634	65360000	1722	68880000
1723	68920000	1727	69080000
1729	69160000	1739	69560000
1740	69600000	1772	70880000
1775	71000000	1798	71920000
1805	72200000	1836	73440000
1837	73480000	1873	74920000
1874	74960000	1886	75440000
1887	75480000	1904	76160000
1905	76200000	2032	81280000
2033	81320000	2076	83040000
2077	83080000	2123	84920000
2124	84960000	2157	86280000
2158	86320000	2190	87600000
2191	87640000	2197	87880000
2198	87920000	2206	88240000
2207	88280000	2214	88560000
2235	89400000	2238	89520000
2240	89600000	2250	90000000
2256	90240000	2268	90720000
2274	90960000	2313	92520000
2314	92560000	2326	93040000
2327	93080000	2363	94520000
2364	94560000	2390	95600000
2391	95640000	2521	100840000
2522	100880000	2535	101400000
2543	101720000	2587	103480000
2588	103520000	2654	106160000
2658	106320000	2661	106440000
2664	106560000	2669	106760000
2670	106800000	2674	106960000
2675	107000000	2704	108160000
2705	108200000	2728	109120000
2729	109160000	2748	109920000
2749	109960000	2780	111200000
2781	111240000	2797	111880000
2798	111920000	2803	112120000
2804	112160000	2837	113480000
2839	113560000	2843	113720000
2844	113760000	2854	114160000
2855	114200000	2865	114600000
2866	114640000	2873	114920000
2875	115000000	2891	115640000
2893	115720000	2899	115960000
2900	116000000	2957	118280000
2958	118320000	2978	119120000
2983	119320000	2999	119960000
3003	120120000	3081	123240000
3082	123280000	3094	123760000
3097	123880000	3112	124480000
3114	124560000	3156	126240000
3160	126400000	3189	127560000
3190	127600000	3217	128680000
3224	128960000	3285	131400000
3286	131440000	3303	132120000
3304	132160000	3355	134200000
3360	134400000	3365	134600000
3366	134640000	3370	134800000
3374	134960000	3432	137280000
3433	137320000	3477	139080000
3478	139120000	3496	139840000
3497	139880000	3501	140040000
3505	140200000	3513	140520000
3517	140680000	3578	143120000
3583	143320000	3587	143480000
3589	143560000	3619	144760000
