from.id	from.cord	to.id	to.cord
1	40000	81	3240000
82	3280000	101	4040000
102	4080000	180	7200000
181	7240000	213	8520000
216	8640000	220	8800000
221	8840000	225	9000000
226	9040000	239	9560000
240	9600000	263	10520000
264	10560000	291	11640000
292	11680000	306	12240000
307	12280000	328	13120000
329	13160000	345	13800000
346	13840000	355	14200000
356	14240000	384	15360000
462	18480000	466	18640000
467	18680000	470	18800000
471	18840000	475	19000000
476	19040000	490	19600000
492	19680000	504	20160000
506	20240000	528	21120000
544	21760000	549	21960000
564	22560000	585	23400000
586	23440000	685	27400000
686	27440000	776	31040000
777	31080000	789	31560000
790	31600000	806	32240000
807	32280000	846	33840000
847	33880000	862	34480000
863	34520000	959	38360000
960	38400000	1005	40200000
1006	40240000	1028	41120000
1029	41160000	1169	46760000
1170	46800000	1184	47360000
1185	47400000	1191	47640000
1192	47680000	1210	48400000
1211	48440000	1226	49040000
1227	49080000	1275	51000000
1276	51040000	1287	51480000
1288	51520000	1301	52040000
1305	52200000	1308	52320000
1309	52360000	1344	53760000
1345	53800000	1396	55840000
1397	55880000	1438	57520000
1439	57560000	1484	59360000
1485	59400000	1500	60000000
1501	60040000	1684	67360000
1685	67400000	1708	68320000
1709	68360000	1716	68640000
1717	68680000	1725	69000000
1726	69040000	1740	69600000
1741	69640000	1784	71360000
1785	71400000	1798	71920000
1799	71960000	1806	72240000
1808	72320000	1818	72720000
1819	72760000	1840	73600000
1841	73640000	1862	74480000
1863	74520000	1867	74680000
