from.id	from.cord	to.id	to.cord
4	160000	28	1120000
30	1200000	81	3240000
84	3360000	106	4240000
108	4320000	301	12040000
302	12080000	315	12600000
316	12640000	370	14800000
371	14840000	389	15560000
390	15600000	401	16040000
402	16080000	425	17000000
426	17040000	441	17640000
442	17680000	446	17840000
447	17880000	457	18280000
458	18320000	518	20720000
519	20760000	927	37080000
928	37120000	978	39120000
979	39160000	994	39760000
995	39800000	1015	40600000
1016	40640000	1036	41440000
1037	41480000	1090	43600000
1091	43640000	1104	44160000
1105	44200000	1123	44920000
1124	44960000	1153	46120000
1154	46160000	1167	46680000
1168	46720000	1171	46840000
1172	46880000	1186	47440000
1188	47520000	1196	47840000
1198	47920000	1201	48040000
1203	48120000	1213	48520000
1215	48600000	1220	48800000
1222	48880000	1234	49360000
1238	49520000	1249	49960000
1252	50080000	1256	50240000
1263	50520000	1268	50720000
1280	51200000	1289	51560000
1370	54800000	1742	69680000
1744	69760000	1750	70000000
1754	70160000	1769	70760000
1770	70800000	1774	70960000
1775	71000000	1789	71560000
1790	71600000	1793	71720000
1794	71760000	1821	72840000
1822	72880000	1850	74000000
1851	74040000	1856	74240000
1857	74280000	1882	75280000
1883	75320000	1903	76120000
1904	76160000	1909	76360000
1910	76400000	2083	83320000
2084	83360000	2102	84080000
2103	84120000	2132	85280000
2133	85320000	2200	88000000
2201	88040000	2235	89400000
2245	89800000	2258	90320000
2259	90360000	2272	90880000
2273	90920000	2282	91280000
2283	91320000	2327	93080000
2328	93120000	2380	95200000
2381	95240000	2407	96280000
2411	96440000	2426	97040000
2427	97080000	2479	99160000
2480	99200000	2497	99880000
2498	99920000	2513	100520000
2514	100560000	2517	100680000
2521	100840000	2526	101040000
2527	101080000	2542	101680000
2543	101720000	2583	103320000
2584	103360000	2651	106040000
2652	106080000	2674	106960000
2675	107000000	2849	113960000
2850	114000000	2892	115680000
2893	115720000	2973	118920000
2974	118960000	3013	120520000
3014	120560000	3024	120960000
3025	121000000	3039	121560000
3040	121600000	3081	123240000
3082	123280000	3090	123600000
3091	123640000	3112	124480000
3113	124520000	3263	130520000
