from.id	from.cord	to.id	to.cord
2	80000	52	2080000
53	2120000	59	2360000
60	2400000	71	2840000
72	2880000	215	8600000
220	8800000	237	9480000
238	9520000	312	12480000
313	12520000	352	14080000
353	14120000	369	14760000
388	15520000	394	15760000
395	15800000	405	16200000
415	16600000	418	16720000
421	16840000	432	17280000
438	17520000	449	17960000
450	18000000	457	18280000
468	18720000	481	19240000
482	19280000	494	19760000
495	19800000	513	20520000
514	20560000	534	21360000
537	21480000	545	21800000
548	21920000	560	22400000
563	22520000	662	26480000
663	26520000	708	28320000
713	28520000	716	28640000
720	28800000	723	28920000
726	29040000	733	29320000
739	29560000	743	29720000
744	29760000	754	30160000
758	30320000	782	31280000
783	31320000	796	31840000
797	31880000	800	32000000
809	32360000	820	32800000
833	33320000	840	33600000
845	33800000	850	34000000
854	34160000	881	35240000
1159	46360000	1619	64760000
1620	64800000	1649	65960000
1672	66880000	1675	67000000
1737	69480000	1740	69600000
1758	70320000	1771	70840000
1772	70880000	1780	71200000
1781	71240000	1784	71360000
1785	71400000	1906	76240000
