from.id	from.cord	to.id	to.cord
2	80000	80	3200000
81	3240000	118	4720000
119	4760000	132	5280000
133	5320000	181	7240000
182	7280000	212	8480000
213	8520000	363	14520000
364	14560000	408	16320000
409	16360000	447	17880000
448	17920000	549	21960000
550	22000000	565	22600000
566	22640000	601	24040000
602	24080000	618	24720000
619	24760000	642	25680000
643	25720000	683	27320000
684	27360000	711	28440000
712	28480000	812	32480000
813	32520000	829	33160000
830	33200000	934	37360000
935	37400000	954	38160000
955	38200000	1126	45040000
1127	45080000	1139	45560000
1140	45600000	1149	45960000
1150	46000000	1174	46960000
1175	47000000	1218	48720000
1219	48760000	1254	50160000
1255	50200000	1265	50600000
1266	50640000	1287	51480000
1288	51520000	1314	52560000
1315	52600000	1335	53400000
1336	53440000	1360	54400000
1361	54440000	1409	56360000
1410	56400000	1417	56680000
1418	56720000	1538	61520000
1539	61560000	1654	66160000
1656	66240000	1675	67000000
1676	67040000	1727	69080000
1728	69120000	1890	75600000
1895	75800000	1938	77520000
1939	77560000	1994	79760000
1995	79800000	2019	80760000
2020	80800000	2040	81600000
2041	81640000	2096	83840000
2097	83880000	2151	86040000
2152	86080000	2174	86960000
2175	87000000	2187	87480000
2188	87520000	2234	89360000
2235	89400000	2261	90440000
2338	93520000	2348	93920000
2350	94000000	2357	94280000
2359	94360000	2362	94480000
2403	96120000	2407	96280000
2426	97040000	2429	97160000
2434	97360000	2450	98000000
2452	98080000	2456	98240000
2472	98880000	2475	99000000
2481	99240000	2484	99360000
2490	99600000	2504	100160000
2511	100440000	2514	100560000
2515	100600000	2569	102760000
2570	102800000	2668	106720000
2672	106880000	2712	108480000
2713	108520000	2753	110120000
2754	110160000	2862	114480000
2863	114520000	2899	115960000
2900	116000000	2969	118760000
2970	118800000	3044	121760000
3045	121800000	3109	124360000
3110	124400000	3217	128680000
3218	128720000	3243	129720000
3245	129800000	3264	130560000
3265	130600000	3307	132280000
3308	132320000	3325	133000000
3327	133080000	3333	133320000
3334	133360000	3348	133920000
3349	133960000	3385	135400000
3386	135440000	3650	146000000
3651	146040000	3739	149560000
3740	149600000	3759	150360000
3760	150400000	3798	151920000
3799	151960000	3818	152720000
3819	152760000	3854	154160000
3855	154200000	4346	173840000
4347	173880000	4394	175760000
4395	175800000	4424	176960000
4425	177000000	4497	179880000
4498	179920000	4519	180760000
4520	180800000	4535	181400000
4536	181440000	4714	188560000
4715	188600000	4745	189800000
4746	189840000	4850	194000000
4851	194040000	4865	194600000
