from.id	from.cord	to.id	to.cord
1	40000	26	1040000
27	1080000	43	1720000
44	1760000	179	7160000
181	7240000	213	8520000
215	8600000	218	8720000
219	8760000	238	9520000
239	9560000	458	18320000
459	18360000	491	19640000
495	19800000	537	21480000
538	21520000	572	22880000
573	22920000	627	25080000
628	25120000	635	25400000
636	25440000	699	27960000
700	28000000	734	29360000
735	29400000	738	29520000
740	29600000	777	31080000
778	31120000	797	31880000
798	31920000	815	32600000
816	32640000	824	32960000
825	33000000	861	34440000
862	34480000	871	34840000
946	37840000	1170	46800000
1171	46840000	1184	47360000
1185	47400000	1290	51600000
1291	51640000	1302	52080000
1303	52120000	1412	56480000
1413	56520000	1419	56760000
1420	56800000	1535	61400000
1536	61440000	1566	62640000
1567	62680000	1662	66480000
1663	66520000	1682	67280000
1683	67320000	1827	73080000
1828	73120000	1855	74200000
1856	74240000	1893	75720000
1894	75760000	1934	77360000
1935	77400000	1955	78200000
1956	78240000	2010	80400000
2011	80440000	2035	81400000
2036	81440000	2092	83680000
2093	83720000	2111	84440000
2112	84480000	2145	85800000
2146	85840000	2153	86120000
2154	86160000	2233	89320000
2234	89360000	2287	91480000
2288	91520000	2312	92480000
2313	92520000	2322	92880000
2323	92920000	2339	93560000
2340	93600000	2360	94400000
2361	94440000	2439	97560000
2440	97600000	2475	99000000
2476	99040000	2499	99960000
2500	100000000	2511	100440000
2512	100480000	2547	101880000
2548	101920000	2560	102400000
2561	102440000	2591	103640000
2592	103680000	2605	104200000
2606	104240000	2633	105320000
2634	105360000	2658	106320000
2659	106360000	2689	107560000
2690	107600000	2714	108560000
2715	108600000	2951	118040000
2952	118080000	2986	119440000
2987	119480000	3002	120080000
3003	120120000	3016	120640000
3017	120680000	3034	121360000
3036	121440000	3043	121720000
3048	121920000	3053	122120000
3086	123440000	3089	123560000
3105	124200000	3108	124320000
3142	125680000	3151	126040000
3153	126120000	3160	126400000
3162	126480000	3167	126680000
3169	126760000	3188	127520000
3189	127560000	3208	128320000
3209	128360000	3217	128680000
3218	128720000	3262	130480000
