from.id	from.cord	to.id	to.cord
0	0	45	1800000
46	1840000	79	3160000
80	3200000	92	3680000
93	3720000	99	3960000
100	4000000	125	5000000
130	5200000	176	7040000
177	7080000	330	13200000
331	13240000	380	15200000
381	15240000	394	15760000
395	15800000	406	16240000
411	16440000	420	16800000
421	16840000	504	20160000
505	20200000	516	20640000
517	20680000	563	22520000
564	22560000	580	23200000
581	23240000	601	24040000
602	24080000	618	24720000
619	24760000	670	26800000
671	26840000	684	27360000
685	27400000	699	27960000
700	28000000	729	29160000
730	29200000	1003	40120000
1004	40160000	1029	41160000
1030	41200000	1066	42640000
1067	42680000	1078	43120000
1079	43160000	1132	45280000
1133	45320000	1146	45840000
1147	45880000	1157	46280000
1158	46320000	1359	54360000
1360	54400000	1375	55000000
1376	55040000	1389	55560000
1390	55600000	1568	62720000
1569	62760000	1609	64360000
1610	64400000	1621	64840000
1622	64880000	1630	65200000
1631	65240000	1639	65560000
1640	65600000	1647	65880000
1649	65960000	1669	66760000
1670	66800000	1709	68360000
1710	68400000	1719	68760000
1720	68800000	1731	69240000
1732	69280000	1795	71800000
1796	71840000	1830	73200000
1831	73240000	1838	73520000
1839	73560000	2130	85200000
2131	85240000	2148	85920000
2149	85960000	2158	86320000
2159	86360000	2176	87040000
2182	87280000	2188	87520000
2208	88320000	2212	88480000
2219	88760000	2238	89520000
2250	90000000	2253	90120000
2291	91640000	2298	91920000
2301	92040000	2304	92160000
2383	95320000	2401	96040000
2403	96120000	2406	96240000
2408	96320000	2447	97880000
2454	98160000	2643	105720000
2644	105760000	2671	106840000
2672	106880000	2675	107000000
2677	107080000	2752	110080000
2756	110240000	2762	110480000
2771	110840000	2774	110960000
2784	111360000	2801	112040000
2803	112120000	2816	112640000
2817	112680000	2827	113080000
2829	113160000	2836	113440000
2837	113480000	2939	117560000
2940	117600000	2943	117720000
2944	117760000	2956	118240000
2957	118280000	2970	118800000
2973	118920000	2981	119240000
2982	119280000	3035	121400000
3036	121440000	3054	122160000
3055	122200000	3097	123880000
3098	123920000	3135	125400000
3136	125440000	3214	128560000
3215	128600000	3278	131120000
3286	131440000	3295	131800000
3296	131840000	3299	131960000
3301	132040000	3397	135880000
3398	135920000	3444	137760000
3453	138120000	3458	138320000
3461	138440000	3464	138560000
3467	138680000	3471	138840000
3484	139360000	3488	139520000
3494	139760000	3497	139880000
3556	142240000	3559	142360000
3569	142760000	3592	143680000
3593	143720000	3666	146640000
3667	146680000	3742	149680000
3744	149760000	3752	150080000
3753	150120000	3777	151080000
3778	151120000	3864	154560000
3865	154600000	4039	161560000
4040	161600000	4060	162400000
4061	162440000	4081	163240000
4082	163280000	4130	165200000
4131	165240000	4471	178840000
4472	178880000	4487	179480000
4488	179520000	4502	180080000
4503	180120000	4923	196920000
4924	196960000	4935	197400000
4936	197440000	4939	197560000
4940	197600000	5083	203320000
5084	203360000	5116	204640000
5117	204680000	5157	206280000
5158	206320000	5299	211960000
5300	212000000	5347	213880000
5348	213920000	5529	221160000
5530	221200000	5560	222400000
5561	222440000	5582	223280000
5583	223320000	5765	230600000
5766	230640000	5797	231880000
5798	231920000	5849	233960000
5851	234040000	5897	235880000
