from.id	from.cord	to.id	to.cord
4	160000	28	1120000
30	1200000	81	3240000
84	3360000	106	4240000
108	4320000	302	12080000
303	12120000	317	12680000
318	12720000	368	14720000
369	14760000	389	15560000
390	15600000	425	17000000
426	17040000	441	17640000
442	17680000	458	18320000
459	18360000	463	18520000
464	18560000	479	19160000
480	19200000	483	19320000
492	19680000	495	19800000
555	22200000	558	22320000
576	23040000	580	23200000
591	23640000	597	23880000
642	25680000	645	25800000
665	26600000	668	26720000
677	27080000	683	27320000
743	29720000	747	29880000
819	32760000	822	32880000
881	35240000	884	35360000
929	37160000	980	39200000
981	39240000	987	39480000
988	39520000	1000	40000000
1001	40040000	1012	40480000
1013	40520000	1076	43040000
1079	43160000	1103	44120000
1104	44160000	1112	44480000
1113	44520000	1269	50760000
1280	51200000	1289	51560000
1370	54800000	1698	67920000
1699	67960000	1742	69680000
1744	69760000	1751	70040000
1752	70080000	1774	70960000
1775	71000000	1792	71680000
1793	71720000	1820	72800000
1821	72840000	1841	73640000
1843	73720000	1868	74720000
1869	74760000	1887	75480000
1888	75520000	1912	76480000
1913	76520000	2089	83560000
2090	83600000	2102	84080000
2103	84120000	2122	84880000
2123	84920000	2191	87640000
2193	87720000	2204	88160000
2205	88200000	2236	89440000
2245	89800000	2258	90320000
2259	90360000	2272	90880000
2273	90920000	2291	91640000
2292	91680000	2298	91920000
2300	92000000	2316	92640000
2317	92680000	2406	96240000
2411	96440000	2475	99000000
2476	99040000	2499	99960000
2500	100000000	2513	100520000
2514	100560000	2517	100680000
2518	100720000	2521	100840000
2522	100880000	2539	101560000
2540	101600000	2584	103360000
2585	103400000	2653	106120000
2654	106160000	2666	106640000
2667	106680000	2868	114720000
2869	114760000	2872	114880000
2873	114920000	2984	119360000
2985	119400000	3014	120560000
3015	120600000	3025	121000000
3026	121040000	3041	121640000
3042	121680000	3090	123600000
3091	123640000	3115	124600000
3116	124640000	3262	130480000
