from.id	from.cord	to.id	to.cord
2	80000	5	200000
9	360000	40	1600000
41	1640000	74	2960000
75	3000000	169	6760000
171	6840000	316	12640000
317	12680000	335	13400000
336	13440000	379	15160000
380	15200000	400	16000000
406	16240000	460	18400000
461	18440000	471	18840000
472	18880000	496	19840000
497	19880000	522	20880000
525	21000000	556	22240000
557	22280000	602	24080000
604	24160000	619	24760000
623	24920000	648	25920000
649	25960000	681	27240000
682	27280000	709	28360000
710	28400000	723	28920000
724	28960000	745	29800000
746	29840000	813	32520000
814	32560000	822	32880000
823	32920000	869	34760000
870	34800000	914	36560000
915	36600000	1007	40280000
1008	40320000	1051	42040000
1052	42080000	1075	43000000
1076	43040000	1093	43720000
1094	43760000	1208	48320000
1209	48360000	1256	50240000
1257	50280000	1317	52680000
1319	52760000	1421	56840000
1428	57120000	1450	58000000
1543	61720000	1547	61880000
1549	61960000	1568	62720000
1581	63240000	1624	64960000
1629	65160000	1679	67160000
1681	67240000	1701	68040000
1702	68080000	1728	69120000
1735	69400000	1750	70000000
1751	70040000	1765	70600000
1766	70640000	1774	70960000
1775	71000000	1810	72400000
1816	72640000	1819	72760000
1820	72800000	1830	73200000
1831	73240000	1853	74120000
1876	75040000	1915	76600000
1917	76680000	1931	77240000
1935	77400000	1952	78080000
1953	78120000	1984	79360000
1985	79400000	2071	82840000
2072	82880000	2099	83960000
2100	84000000	2129	85160000
2130	85200000	2134	85360000
2135	85400000	2152	86080000
2153	86120000	2200	88000000
2201	88040000	2237	89480000
2240	89600000	2265	90600000
2266	90640000	2291	91640000
2292	91680000	2319	92760000
2320	92800000	2352	94080000
2353	94120000	2401	96040000
2402	96080000	2419	96760000
2420	96800000	2434	97360000
2435	97400000	2502	100080000
2503	100120000	2513	100520000
2515	100600000	2518	100720000
2519	100760000	2552	102080000
2558	102320000	2609	104360000
2610	104400000	2648	105920000
2649	105960000	3116	124640000
3117	124680000	3145	125800000
3146	125840000	3253	130120000
3256	130240000	3417	136680000
3418	136720000	3448	137920000
3464	138560000	3468	138720000
3475	139000000	3479	139160000
3498	139920000	3502	140080000
3558	142320000	3569	142760000
3570	142800000	3580	143200000
3591	143640000	3596	143840000
3601	144040000	3762	150480000
3763	150520000	3826	153040000
