from.id	from.cord	to.id	to.cord
67	2680000	93	3720000
96	3840000	168	6720000
169	6760000	177	7080000
178	7120000	190	7600000
192	7680000	267	10680000
270	10800000	463	18520000
464	18560000	493	19720000
494	19760000	774	30960000
775	31000000	791	31640000
792	31680000	830	33200000
831	33240000	835	33400000
836	33440000	844	33760000
845	33800000	878	35120000
879	35160000	927	37080000
929	37160000	1124	44960000
1126	45040000	1205	48200000
1207	48280000	1228	49120000
1234	49360000	1251	50040000
1252	50080000	1268	50720000
1269	50760000	1284	51360000
1287	51480000	1294	51760000
1299	51960000	1302	52080000
1314	52560000	1317	52680000
1325	53000000	1332	53280000
1333	53320000	1382	55280000
1389	55560000	1394	55760000
1399	55960000	1402	56080000
1403	56120000	1413	56520000
1415	56600000	1461	58440000
1542	61680000	1558	62320000
1562	62480000	1600	64000000
1601	64040000	1623	64920000
1624	64960000	1740	69600000
1742	69680000	1772	70880000
1775	71000000	1798	71920000
1805	72200000	1839	73560000
1840	73600000	1874	74960000
1875	75000000	1891	75640000
1892	75680000	1906	76240000
1907	76280000	1915	76600000
1917	76680000	2036	81440000
2037	81480000	2075	83000000
2076	83040000	2135	85400000
2138	85520000	2194	87760000
2195	87800000	2200	88000000
2204	88160000	2212	88480000
2246	89840000	2250	90000000
2256	90240000	2259	90360000
2261	90440000	2268	90720000
2283	91320000	2289	91560000
2308	92320000	2350	94000000
2354	94160000	2369	94760000
2370	94800000	2377	95080000
2378	95120000	2445	97800000
2446	97840000	2535	101400000
2543	101720000	2598	103920000
2599	103960000	2615	104600000
2616	104640000	2635	105400000
2636	105440000	2667	106680000
2668	106720000	2700	108000000
2701	108040000	2745	109800000
2746	109840000	2762	110480000
2763	110520000	2777	111080000
2778	111120000	2829	113160000
2832	113280000	2837	113480000
2839	113560000	2862	114480000
2863	114520000	2873	114920000
2875	115000000	2880	115200000
2881	115240000	2891	115640000
2893	115720000	2903	116120000
2904	116160000	2932	117280000
2933	117320000	2978	119120000
2983	119320000	2994	119760000
2995	119800000	2999	119960000
3003	120120000	3025	121000000
3026	121040000	3118	124720000
3119	124760000	3130	125200000
3132	125280000	3148	125920000
3150	126000000	3191	127640000
3192	127680000	3215	128600000
3216	128640000	3232	129280000
3233	129320000	3260	130400000
3261	130440000	3266	130640000
3267	130680000	3338	133520000
3339	133560000	3355	134200000
3360	134400000	3368	134720000
3374	134960000	3426	137040000
3429	137160000	3495	139800000
3497	139880000	3501	140040000
3505	140200000	3513	140520000
3517	140680000	3540	141600000
3542	141680000	3578	143120000
