from.id	from.cord	to.id	to.cord
0	0	35	1400000
37	1480000	145	5800000
146	5840000	163	6520000
164	6560000	177	7080000
178	7120000	216	8640000
217	8680000	228	9120000
234	9360000	370	14800000
371	14840000	383	15320000
384	15360000	419	16760000
420	16800000	443	17720000
445	17800000	451	18040000
452	18080000	495	19800000
496	19840000	505	20200000
506	20240000	693	27720000
697	27880000	738	29520000
745	29800000	748	29920000
750	30000000	758	30320000
761	30440000	764	30560000
831	33240000	834	33360000
930	37200000	1232	49280000
1237	49480000	1241	49640000
1317	52680000	1493	59720000
1495	59800000	1637	65480000
1638	65520000	1641	65640000
1642	65680000	1670	66800000
1671	66840000	1723	68920000
1724	68960000	1734	69360000
1737	69480000	1881	75240000
1887	75480000	2170	86800000
2171	86840000	2200	88000000
2201	88040000	2273	90920000
2274	90960000	2294	91760000
2295	91800000	2369	94760000
2370	94800000	2392	95680000
2393	95720000	2491	99640000
2495	99800000	2499	99960000
2500	100000000	2533	101320000
2534	101360000	2549	101960000
2550	102000000	2794	111760000
2795	111800000	2801	112040000
2802	112080000	2913	116520000
2914	116560000	2927	117080000
2928	117120000	2935	117400000
2936	117440000	2946	117840000
2947	117880000	2959	118360000
2960	118400000	2985	119400000
2986	119440000	3011	120440000
3012	120480000	3079	123160000
3080	123200000	3103	124120000
3104	124160000	3113	124520000
3114	124560000	3148	125920000
3149	125960000	3156	126240000
3160	126400000	3296	131840000
3297	131880000	3317	132680000
3318	132720000	3408	136320000
3409	136360000	3415	136600000
3416	136640000	3422	136880000
3423	136920000	3428	137120000
3429	137160000	3458	138320000
3459	138360000	3469	138760000
3470	138800000	3551	142040000
3552	142080000	3587	143480000
3588	143520000	3683	147320000
3684	147360000	3692	147680000
3693	147720000	3901	156040000
3902	156080000	3975	159000000
3976	159040000	4099	163960000
4100	164000000	4108	164320000
4109	164360000	4175	167000000
4176	167040000	4182	167280000
4183	167320000	4199	167960000
4203	168120000	4231	169240000
4232	169280000	4253	170120000
4254	170160000	4257	170280000
4258	170320000	4363	174520000
4364	174560000	4434	177360000
4438	177520000	4465	178600000
4469	178760000	4650	186000000
4651	186040000	4683	187320000
