from.id	from.cord	to.id	to.cord
0	0	3	120000
4	160000	48	1920000
49	1960000	166	6640000
167	6680000	255	10200000
256	10240000	413	16520000
414	16560000	436	17440000
441	17640000	520	20800000
521	20840000	594	23760000
595	23800000	671	26840000
672	26880000	745	29800000
746	29840000	785	31400000
786	31440000	802	32080000
806	32240000	866	34640000
868	34720000	871	34840000
874	34960000	885	35400000
887	35480000	901	36040000
902	36080000	1044	41760000
1045	41800000	1159	46360000
1235	49400000	1317	52680000
1318	52720000	1443	57720000
1444	57760000	1450	58000000
1451	58040000	1522	60880000
1523	60920000	1554	62160000
1555	62200000	1560	62400000
1561	62440000	1612	64480000
1613	64520000	1661	66440000
1662	66480000	1697	67880000
1698	67920000	1720	68800000
1766	70640000	1776	71040000
1777	71080000	1783	71320000
1784	71360000	1820	72800000
1824	72960000	1828	73120000
1829	73160000	1841	73640000
1842	73680000	1888	75520000
1889	75560000	1911	76440000
1912	76480000	1975	79000000
1976	79040000	2019	80760000
2020	80800000	2074	82960000
2075	83000000	2190	87600000
2191	87640000	2290	91600000
2294	91760000	2372	94880000
2373	94920000	2389	95560000
2390	95600000	2412	96480000
2414	96560000	2492	99680000
2493	99720000	2534	101360000
2535	101400000	2667	106680000
2668	106720000	2693	107720000
2694	107760000	2716	108640000
2717	108680000	2757	110280000
2758	110320000	2769	110760000
2770	110800000	2920	116800000
2921	116840000	2968	118720000
2969	118760000	2979	119160000
2980	119200000	3015	120600000
3016	120640000	3038	121520000
3039	121560000	3117	124680000
3118	124720000	3160	126400000
3161	126440000	3195	127800000
3196	127840000	3262	130480000
3263	130520000	3294	131760000
3295	131800000	3349	133960000
3350	134000000	3391	135640000
3392	135680000	3409	136360000
3410	136400000	3458	138320000
3459	138360000	3469	138760000
3471	138840000	3487	139480000
3488	139520000	3703	148120000
3704	148160000	3802	152080000
3803	152120000	3838	153520000
3839	153560000	3857	154280000
3858	154320000	3928	157120000
3930	157200000	3935	157400000
3936	157440000	3957	158280000
3958	158320000	3965	158600000
3966	158640000	3981	159240000
3982	159280000	4046	161840000
4047	161880000	4085	163400000
4086	163440000	4121	164840000
4122	164880000	4195	167800000
4196	167840000	4282	171280000
4283	171320000	4335	173400000
4336	173440000	4379	175160000
4380	175200000	4392	175680000
