from.id	from.cord	to.id	to.cord
18	720000	63	2520000
67	2680000	81	3240000
82	3280000	92	3680000
100	4000000	115	4600000
116	4640000	169	6760000
170	6800000	180	7200000
181	7240000	191	7640000
192	7680000	231	9240000
232	9280000	256	10240000
257	10280000	323	12920000
344	13760000	363	14520000
366	14640000	370	14800000
372	14880000	385	15400000
386	15440000	414	16560000
415	16600000	427	17080000
429	17160000	461	18440000
462	18480000	470	18800000
472	18880000	528	21120000
529	21160000	547	21880000
548	21920000	556	22240000
557	22280000	606	24240000
609	24360000	653	26120000
654	26160000	683	27320000
684	27360000	746	29840000
750	30000000	782	31280000
783	31320000	794	31760000
798	31920000	832	33280000
833	33320000	886	35440000
887	35480000	928	37120000
929	37160000	969	38760000
970	38800000	997	39880000
998	39920000	1015	40600000
1016	40640000	1031	41240000
1038	41520000	1047	41880000
1049	41960000	1063	42520000
1065	42600000	1091	43640000
1094	43760000	1097	43880000
1098	43920000	1101	44040000
1103	44120000	1113	44520000
1115	44600000	1127	45080000
1128	45120000	1144	45760000
1145	45800000	1152	46080000
1153	46120000	1177	47080000
1178	47120000	1199	47960000
1200	48000000	1217	48680000
1218	48720000	1227	49080000
1228	49120000	1599	63960000
1600	64000000	1604	64160000
1605	64200000	1721	68840000
1722	68880000	1742	69680000
1743	69720000	1835	73400000
1836	73440000	1877	75080000
1878	75120000	1927	77080000
1928	77120000	1956	78240000
1957	78280000	1997	79880000
1998	79920000	2013	80520000
2014	80560000	2235	89400000
2236	89440000	2275	91000000
2276	91040000	2282	91280000
2283	91320000	2407	96280000
2411	96440000	2414	96560000
2415	96600000	2420	96800000
2421	96840000	2437	97480000
2438	97520000	2594	103760000
2600	104000000	2603	104120000
2607	104280000	2718	108720000
2725	109000000	2882	115280000
2883	115320000	2900	116000000
2901	116040000	2915	116600000
2916	116640000	2932	117280000
2933	117320000	2986	119440000
2987	119480000	3017	120680000
3027	121080000	3030	121200000
3563	142520000	3566	142640000
3598	143920000	3601	144040000
3620	144800000	3632	145280000
3634	145360000	3645	145800000
3661	146440000	3674	146960000
3676	147040000	3684	147360000
3725	149000000	3734	149360000
3741	149640000	3744	149760000
3746	149840000	4287	171480000
4289	171560000	4458	178320000
4459	178360000	4486	179440000
4487	179480000	4932	197280000
4933	197320000	4973	198920000
4974	198960000	5053	202120000
5054	202160000	5071	202840000
5072	202880000	5147	205880000
5152	206080000	5158	206320000
5162	206480000	5167	206680000
5168	206720000	5195	207800000
5196	207840000	5221	208840000
5222	208880000	5245	209800000
5246	209840000	5334	213360000
5335	213400000	5349	213960000
5350	214000000	5452	218080000
5455	218200000	5471	218840000
5474	218960000	5525	221000000
