from.id	from.cord	to.id	to.cord
0	0	7	280000
10	400000	16	640000
17	680000	55	2200000
56	2240000	68	2720000
69	2760000	90	3600000
91	3640000	125	5000000
126	5040000	173	6920000
174	6960000	192	7680000
193	7720000	243	9720000
244	9760000	257	10280000
258	10320000	378	15120000
379	15160000	399	15960000
400	16000000	412	16480000
413	16520000	424	16960000
425	17000000	455	18200000
456	18240000	473	18920000
478	19120000	538	21520000
542	21680000	556	22240000
631	25240000	748	29920000
749	29960000	758	30320000
759	30360000	861	34440000
872	34880000	893	35720000
894	35760000	922	36880000
923	36920000	945	37800000
946	37840000	1000	40000000
1001	40040000	1013	40520000
1014	40560000	1026	41040000
1027	41080000	1033	41320000
1034	41360000	1053	42120000
1054	42160000	1086	43440000
1091	43640000	1108	44320000
1122	44880000	1134	45360000
1135	45400000	1190	47600000
1192	47680000	1309	52360000
1310	52400000	1325	53000000
1326	53040000	1357	54280000
1358	54320000	1361	54440000
1362	54480000	1383	55320000
1384	55360000	1387	55480000
1388	55520000	1423	56920000
1424	56960000	1473	58920000
1476	59040000	1506	60240000
1507	60280000	1534	61360000
1535	61400000	1714	68560000
1715	68600000	1725	69000000
1726	69040000	1739	69560000
1740	69600000	1747	69880000
1748	69920000	1763	70520000
1764	70560000	1771	70840000
1774	70960000	1781	71240000
1783	71320000	1803	72120000
1805	72200000	1817	72680000
1819	72760000	1825	73000000
1827	73080000	1865	74600000
1867	74680000	1870	74800000
1872	74880000	1913	76520000
1915	76600000	1924	76960000
