from.id	from.cord	to.id	to.cord
500	20000000	504	20160000
510	20400000	515	20600000
557	22280000	564	22560000
566	22640000	581	23240000
590	23600000	713	28520000
723	28920000	728	29120000
730	29200000	759	30360000
772	30880000	810	32400000
822	32880000	866	34640000
868	34720000	1178	47120000
1179	47160000	1223	48920000
1224	48960000	1370	54800000
1371	54840000	1379	55160000
1380	55200000	1418	56720000
1419	56760000	1436	57440000
1437	57480000	1479	59160000
1480	59200000	1489	59560000
1490	59600000	1504	60160000
1505	60200000	1577	63080000
1578	63120000	1583	63320000
1584	63360000	1592	63680000
1593	63720000	1603	64120000
1604	64160000	1629	65160000
1630	65200000	1681	67240000
1684	67360000	1687	67480000
1688	67520000	1708	68320000
1709	68360000	1724	68960000
1725	69000000	1733	69320000
1734	69360000	1841	73640000
1842	73680000	1849	73960000
1850	74000000	1934	77360000
1935	77400000	1939	77560000
1940	77600000	1957	78280000
