from.id	from.cord	to.id	to.cord
0	0	38	1520000
39	1560000	49	1960000
50	2000000	95	3800000
96	3840000	107	4280000
108	4320000	125	5000000
130	5200000	178	7120000
179	7160000	368	14720000
370	14800000	394	15760000
395	15800000	406	16240000
411	16440000	421	16840000
422	16880000	504	20160000
505	20200000	524	20960000
525	21000000	559	22360000
560	22400000	584	23360000
586	23440000	601	24040000
602	24080000	611	24440000
612	24480000	649	25960000
650	26000000	699	27960000
700	28000000	730	29200000
731	29240000	1003	40120000
1004	40160000	1054	42160000
1055	42200000	1065	42600000
1066	42640000	1078	43120000
1079	43160000	1130	45200000
1131	45240000	1145	45800000
1149	45960000	1353	54120000
1354	54160000	1377	55080000
1378	55120000	1400	56000000
1401	56040000	1595	63800000
1596	63840000	1609	64360000
1610	64400000	1632	65280000
1633	65320000	1639	65560000
1640	65600000	1648	65920000
1649	65960000	1657	66280000
1658	66320000	1665	66600000
1666	66640000	1675	67000000
1676	67040000	1716	68640000
1717	68680000	1766	70640000
1767	70680000	1817	72680000
1821	72840000	1827	73080000
1828	73120000	1840	73600000
1841	73640000	2133	85320000
2135	85400000	2168	86720000
2169	86760000	2178	87120000
2185	87400000	2188	87520000
2207	88280000	2212	88480000
2214	88560000	2238	89520000
2249	89960000	2256	90240000
2291	91640000	2304	92160000
2383	95320000	2401	96040000
2408	96320000	2447	97880000
2454	98160000	2644	105760000
2645	105800000	2659	106360000
2660	106400000	2675	107000000
2677	107080000	2710	108400000
2712	108480000	2752	110080000
2756	110240000	2762	110480000
2771	110840000	2774	110960000
2784	111360000	2801	112040000
2803	112120000	2818	112720000
2819	112760000	2827	113080000
2829	113160000	2841	113640000
2846	113840000	2939	117560000
2941	117640000	2969	118760000
2972	118880000	3034	121360000
3035	121400000	3050	122000000
3051	122040000	3085	123400000
3088	123520000	3278	131120000
3285	131400000	3299	131960000
3301	132040000	3387	135480000
3388	135520000	3451	138040000
3452	138080000	3564	142560000
3565	142600000	3589	143560000
3590	143600000	3686	147440000
3687	147480000	3690	147600000
3691	147640000	3742	149680000
3744	149760000	3778	151120000
3779	151160000	3840	153600000
3841	153640000	4040	161600000
4043	161720000	4098	163920000
4100	164000000	4467	178680000
4468	178720000	4483	179320000
4487	179480000	4499	179960000
4500	180000000	4919	196760000
4920	196800000	4925	197000000
4926	197040000	4960	198400000
4961	198440000	5002	200080000
5049	201960000	5052	202080000
5055	202200000	5065	202600000
5120	204800000	5123	204920000
5139	205560000	5292	211680000
5293	211720000	5344	213760000
5345	213800000	5543	221720000
5544	221760000	5558	222320000
5559	222360000	5578	223120000
5579	223160000	5770	230800000
5772	230880000	5849	233960000
5851	234040000	5897	235880000
