from.id	from.cord	to.id	to.cord
4	160000	8	320000
9	360000	53	2120000
55	2200000	98	3920000
101	4040000	124	4960000
125	5000000	170	6800000
172	6880000	175	7000000
202	8080000	206	8240000
208	8320000	219	8760000
221	8840000	297	11880000
309	12360000	342	13680000
343	13720000	357	14280000
358	14320000	411	16440000
412	16480000	419	16760000
420	16800000	496	19840000
497	19880000	532	21280000
533	21320000	536	21440000
537	21480000	553	22120000
554	22160000	574	22960000
575	23000000	606	24240000
607	24280000	716	28640000
717	28680000	722	28880000
723	28920000	774	30960000
777	31080000	805	32200000
806	32240000	817	32680000
818	32720000	824	32960000
825	33000000	948	37920000
949	37960000	971	38840000
972	38880000	1024	40960000
1025	41000000	1077	43080000
1078	43120000	1095	43800000
1171	46840000	1181	47240000
1184	47360000	1492	59680000
1493	59720000	1518	60720000
1519	60760000	1531	61240000
1532	61280000	1539	61560000
1540	61600000	1551	62040000
1552	62080000	1563	62520000
1564	62560000	1607	64280000
1610	64400000	1772	70880000
1773	70920000	1779	71160000
1780	71200000	1838	73520000
1839	73560000	1877	75080000
1878	75120000	2001	80040000
2002	80080000	2010	80400000
2011	80440000	2163	86520000
2171	86840000	2201	88040000
2202	88080000	2206	88240000
2207	88280000	2234	89360000
2237	89480000	2318	92720000
2320	92800000	2402	96080000
2403	96120000	2412	96480000
2413	96520000	2725	109000000
2726	109040000	2729	109160000
2730	109200000	2802	112080000
2803	112120000	2826	113040000
2828	113120000	2841	113640000
2842	113680000	2858	114320000
2859	114360000	2873	114920000
2874	114960000	2992	119680000
2993	119720000	3001	120040000
3002	120080000	3005	120200000
3006	120240000	3050	122000000
3051	122040000	3064	122560000
3065	122600000	3169	126760000
3172	126880000	3175	127000000
3176	127040000	3182	127280000
3184	127360000	3203	128120000
3207	128280000	3219	128760000
3221	128840000	3265	130600000
3269	130760000	3275	131000000
3277	131080000	3284	131360000
3285	131400000	3308	132320000
3309	132360000	3317	132680000
3320	132800000	3323	132920000
3324	132960000	3344	133760000
3345	133800000	3383	135320000
3384	135360000	3539	141560000
