from.id	from.cord	to.id	to.cord
1	40000	12	480000
13	520000	53	2120000
54	2160000	179	7160000
181	7240000	234	9360000
235	9400000	241	9640000
242	9680000	458	18320000
459	18360000	483	19320000
484	19360000	497	19880000
498	19920000	572	22880000
573	22920000	628	25120000
632	25280000	728	29120000
729	29160000	732	29280000
733	29320000	740	29600000
743	29720000	785	31400000
786	31440000	824	32960000
825	33000000	855	34200000
857	34280000	871	34840000
946	37840000	1170	46800000
1171	46840000	1174	46960000
1175	47000000	1292	51680000
1296	51840000	1306	52240000
1308	52320000	1313	52520000
1315	52600000	1346	53840000
1348	53920000	1387	55480000
1393	55720000	1409	56360000
1411	56440000	1414	56560000
1416	56640000	1423	56920000
1425	57000000	1441	57640000
1443	57720000	1458	58320000
1460	58400000	1463	58520000
1465	58600000	1468	58720000
1470	58800000	1474	58960000
1476	59040000	1492	59680000
1494	59760000	1520	60800000
1524	60960000	1533	61320000
1534	61360000	1582	63280000
1583	63320000	1658	66320000
1659	66360000	1681	67240000
1682	67280000	1830	73200000
1831	73240000	1852	74080000
1853	74120000	1894	75760000
1895	75800000	1932	77280000
1933	77320000	1939	77560000
1940	77600000	2008	80320000
2009	80360000	2037	81480000
2038	81520000	2097	83880000
2098	83920000	2104	84160000
2105	84200000	2118	84720000
2121	84840000	2142	85680000
2143	85720000	2152	86080000
2153	86120000	2250	90000000
2252	90080000	2284	91360000
2285	91400000	2311	92440000
2312	92480000	2321	92840000
2322	92880000	2340	93600000
2341	93640000	2349	93960000
2350	94000000	2447	97880000
2448	97920000	2474	98960000
2475	99000000	2498	99920000
2499	99960000	2515	100600000
2516	100640000	2525	101000000
2526	101040000	2583	103320000
2584	103360000	2593	103720000
2594	103760000	2601	104040000
2602	104080000	2628	105120000
2629	105160000	2659	106360000
2660	106400000	2708	108320000
2709	108360000	2714	108560000
2715	108600000	2948	117920000
2949	117960000	2984	119360000
2985	119400000	3016	120640000
3017	120680000	3020	120800000
3024	120960000	3184	127360000
3185	127400000	3210	128400000
3211	128440000	3263	130520000
