from.id	from.cord	to.id	to.cord
1	40000	81	3240000
82	3280000	92	3680000
93	3720000	172	6880000
173	6920000	215	8600000
219	8760000	222	8880000
225	9000000	231	9240000
232	9280000	238	9520000
239	9560000	306	12240000
307	12280000	325	13000000
326	13040000	344	13760000
345	13800000	354	14160000
355	14200000	385	15400000
462	18480000	673	26920000
674	26960000	709	28360000
710	28400000	788	31520000
789	31560000	819	32760000
820	32800000	854	34160000
858	34320000	861	34440000
908	36320000	911	36440000
946	37840000	949	37960000
952	38080000	966	38640000
967	38680000	997	39880000
998	39920000	1028	41120000
1029	41160000	1167	46680000
1168	46720000	1175	47000000
1176	47040000	1190	47600000
1192	47680000	1267	50680000
1268	50720000	1301	52040000
1305	52200000	1308	52320000
1309	52360000	1490	59600000
1491	59640000	1498	59920000
1499	59960000	1698	67920000
1702	68080000	1709	68360000
1712	68480000	1735	69400000
1738	69520000	1796	71840000
1797	71880000	1801	72040000
1808	72320000	1832	73280000
1833	73320000	1839	73560000
1840	73600000	1854	74160000
1855	74200000	1858	74320000
1859	74360000	1868	74720000
