from.id	from.cord	to.id	to.cord
2	80000	50	2000000
51	2040000	66	2640000
69	2760000	215	8600000
220	8800000	234	9360000
265	10600000	269	10760000
329	13160000	369	14760000
376	15040000	379	15160000
389	15560000	394	15760000
395	15800000	408	16320000
415	16600000	418	16720000
421	16840000	424	16960000
425	17000000	442	17680000
443	17720000	446	17840000
447	17880000	450	18000000
451	18040000	457	18280000
468	18720000	493	19720000
494	19760000	502	20080000
503	20120000	534	21360000
537	21480000	545	21800000
548	21920000	560	22400000
563	22520000	682	27280000
686	27440000	704	28160000
705	28200000	708	28320000
713	28520000	716	28640000
720	28800000	723	28920000
724	28960000	735	29400000
739	29560000	743	29720000
744	29760000	754	30160000
758	30320000	777	31080000
782	31280000	797	31880000
801	32040000	847	33880000
854	34160000	881	35240000
1159	46360000	1612	64480000
1613	64520000	1639	65560000
1640	65600000	1671	66840000
1674	66960000	1748	69920000
1749	69960000	1766	70640000
1767	70680000	1771	70840000
1772	70880000	1780	71200000
1781	71240000	1914	76560000
