from.id	from.cord	to.id	to.cord
503	20120000	977	39080000
981	39240000	987	39480000
990	39600000	996	39840000
999	39960000	1005	40200000
1014	40560000	1123	44920000
1126	45040000	1140	45600000
1142	45680000	1227	49080000
1228	49120000	1252	50080000
1255	50200000	1436	57440000
1437	57480000	1455	58200000
1456	58240000	1469	58760000
1473	58920000	1489	59560000
1490	59600000	1527	61080000
1528	61120000	1532	61280000
1533	61320000	1542	61680000
1543	61720000	1584	63360000
1585	63400000	1592	63680000
1593	63720000	1644	65760000
1647	65880000	1812	72480000
1813	72520000	1840	73600000
1841	73640000	1869	74760000
1870	74800000	1941	77640000
1942	77680000	1963	78520000
1964	78560000	1981	79240000
1982	79280000	1988	79520000
1989	79560000	1993	79720000
1994	79760000	2009	80360000
2010	80400000	2055	82200000
2056	82240000	2067	82680000
2069	82760000	2134	85360000
2135	85400000	2159	86360000
2160	86400000	2185	87400000
