from.id	from.cord	to.id	to.cord
2	80000	34	1360000
38	1520000	81	3240000
82	3280000	123	4920000
124	4960000	254	10160000
257	10280000	329	13160000
330	13200000	342	13680000
343	13720000	361	14440000
362	14480000	382	15280000
383	15320000	421	16840000
422	16880000	444	17760000
456	18240000	496	19840000
497	19880000	516	20640000
517	20680000	615	24600000
616	24640000	632	25280000
633	25320000	733	29320000
734	29360000	755	30200000
756	30240000	811	32440000
812	32480000	824	32960000
825	33000000	828	33120000
829	33160000	907	36280000
910	36400000	967	38680000
968	38720000	971	38840000
972	38880000	978	39120000
1060	42400000	1088	43520000
1090	43600000	1094	43760000
1098	43920000	1139	45560000
1141	45640000	1150	46000000
1152	46080000	1155	46200000
1173	46920000	1178	47120000
1188	47520000	1193	47720000
1207	48280000	1216	48640000
1234	49360000	1243	49720000
1244	49760000	1248	49920000
1249	49960000	1256	50240000
1258	50320000	1270	50800000
1274	50960000	1278	51120000
1300	52000000	1400	56000000
1401	56040000	1425	57000000
1426	57040000	1517	60680000
1519	60760000	1800	72000000
1801	72040000	1879	75160000
1880	75200000	1896	75840000
1897	75880000	1914	76560000
1915	76600000	2154	86160000
2155	86200000	2172	86880000
2173	86920000	2187	87480000
2191	87640000	2217	88680000
2218	88720000	2225	89000000
2234	89360000	2300	92000000
2301	92040000	2308	92320000
2309	92360000	2388	95520000
2390	95600000	2449	97960000
2450	98000000	2472	98880000
2473	98920000	2543	101720000
2544	101760000	2568	102720000
2569	102760000	2583	103320000
2584	103360000	2590	103600000
2591	103640000	2671	106840000
2672	106880000	2675	107000000
2676	107040000	2870	114800000
2871	114840000	2952	118080000
2953	118120000	3146	125840000
3148	125920000	3182	127280000
3183	127320000	3198	127920000
3199	127960000	3215	128600000
