from.id	from.cord	to.id	to.cord
1	40000	36	1440000
42	1680000	67	2680000
68	2720000	105	4200000
106	4240000	129	5160000
130	5200000	154	6160000
155	6200000	198	7920000
199	7960000	220	8800000
222	8880000	225	9000000
227	9080000	239	9560000
241	9640000	251	10040000
291	11640000	294	11760000
322	12880000	325	13000000
346	13840000	353	14120000
354	14160000	420	16800000
421	16840000	438	17520000
439	17560000	502	20080000
503	20120000	517	20680000
518	20720000	592	23680000
593	23720000	604	24160000
605	24200000	625	25000000
626	25040000	636	25440000
637	25480000	643	25720000
735	29400000	738	29520000
745	29800000	843	33720000
844	33760000	853	34120000
854	34160000	865	34600000
866	34640000	930	37200000
931	37240000	934	37360000
935	37400000	987	39480000
988	39520000	1001	40040000
1002	40080000	1009	40360000
1010	40400000	1025	41000000
1026	41040000	1066	42640000
1067	42680000	1073	42920000
1074	42960000	1095	43800000
1096	43840000	1124	44960000
1125	45000000	1134	45360000
1136	45440000	1154	46160000
1155	46200000	1174	46960000
1175	47000000	1181	47240000
1182	47280000	1194	47760000
1195	47800000	1228	49120000
1229	49160000	1240	49600000
1241	49640000	1297	51880000
1298	51920000	1313	52520000
1314	52560000	1319	52760000
1320	52800000	1415	56600000
1416	56640000	1456	58240000
1457	58280000	1489	59560000
