from.id	from.cord	to.id	to.cord
4	160000	7	280000
8	320000	46	1840000
47	1880000	54	2160000
55	2200000	104	4160000
105	4200000	125	5000000
126	5040000	170	6800000
172	6880000	175	7000000
202	8080000	205	8200000
208	8320000	219	8760000
221	8840000	297	11880000
309	12360000	330	13200000
333	13320000	337	13480000
339	13560000	345	13800000
346	13840000	370	14800000
371	14840000	399	15960000
400	16000000	448	17920000
449	17960000	511	20440000
512	20480000	532	21280000
533	21320000	537	21480000
538	21520000	576	23040000
577	23080000	593	23720000
594	23760000	601	24040000
602	24080000	710	28400000
711	28440000	722	28880000
723	28920000	760	30400000
761	30440000	780	31200000
781	31240000	807	32280000
808	32320000	816	32640000
817	32680000	842	33680000
843	33720000	948	37920000
949	37960000	971	38840000
972	38880000	1051	42040000
1052	42080000	1066	42640000
1067	42680000	1095	43800000
1171	46840000	1180	47200000
1181	47240000	1202	48080000
1203	48120000	1277	51080000
1279	51160000	1492	59680000
1493	59720000	1516	60640000
1517	60680000	1524	60960000
1525	61000000	1531	61240000
1535	61400000	1567	62680000
1568	62720000	1593	63720000
1594	63760000	1630	65200000
1631	65240000	1769	70760000
1770	70800000	1797	71880000
1798	71920000	1839	73560000
1840	73600000	1870	74800000
1871	74840000	2000	80000000
2001	80040000	2023	80920000
2024	80960000	2163	86520000
2171	86840000	2184	87360000
2185	87400000	2229	89160000
2230	89200000	2252	90080000
2253	90120000	2302	92080000
2303	92120000	2348	93920000
2349	93960000	2380	95200000
2381	95240000	2417	96680000
2418	96720000	2714	108560000
2715	108600000	2733	109320000
2734	109360000	2784	111360000
2785	111400000	2810	112400000
2811	112440000	2833	113320000
2834	113360000	2856	114240000
2857	114280000	2922	116880000
2923	116920000	3008	120320000
3009	120360000	3050	122000000
3051	122040000	3072	122880000
3073	122920000	3076	123040000
3077	123080000	3083	123320000
3135	125400000	3138	125520000
3143	125720000	3146	125840000
3171	126840000	3174	126960000
3196	127840000	3200	128000000
3206	128240000	3209	128360000
3245	129800000	3248	129920000
3249	129960000	3252	130080000
3255	130200000	3264	130560000
3268	130720000	3272	130880000
3275	131000000	3285	131400000
3286	131440000	3309	132360000
3310	132400000	3318	132720000
3319	132760000	3332	133280000
3333	133320000	3338	133520000
3339	133560000	3382	135280000
3383	135320000	3538	141520000
