from.id	from.cord	to.id	to.cord
500	20000000	504	20160000
510	20400000	515	20600000
557	22280000	564	22560000
566	22640000	581	23240000
590	23600000	713	28520000
723	28920000	728	29120000
730	29200000	759	30360000
772	30880000	811	32440000
822	32880000	866	34640000
868	34720000	1098	43920000
1100	44000000	1151	46040000
1152	46080000	1165	46600000
1166	46640000	1175	47000000
1176	47040000	1222	48880000
1223	48920000	1355	54200000
1356	54240000	1369	54760000
1370	54800000	1380	55200000
1381	55240000	1420	56800000
1421	56840000	1435	57400000
1436	57440000	1464	58560000
1465	58600000	1491	59640000
1492	59680000	1522	60880000
1523	60920000	1557	62280000
1558	62320000	1584	63360000
1585	63400000	1599	63960000
1602	64080000	1613	64520000
1614	64560000	1680	67200000
1686	67440000	1707	68280000
1708	68320000	1718	68720000
1719	68760000	1731	69240000
1732	69280000	1819	72760000
1824	72960000	1846	73840000
1847	73880000	1910	76400000
1911	76440000	1942	77680000
1943	77720000	1957	78280000
