from.id	from.cord	to.id	to.cord
2	80000	79	3160000
80	3200000	120	4800000
121	4840000	132	5280000
133	5320000	180	7200000
181	7240000	213	8520000
214	8560000	374	14960000
375	15000000	408	16320000
409	16360000	505	20200000
506	20240000	564	22560000
565	22600000	600	24000000
601	24040000	649	25960000
650	26000000	684	27360000
685	27400000	711	28440000
712	28480000	805	32200000
806	32240000	829	33160000
830	33200000	919	36760000
920	36800000	978	39120000
979	39160000	1072	42880000
1073	42920000	1120	44800000
1121	44840000	1126	45040000
1127	45080000	1143	45720000
1144	45760000	1162	46480000
1163	46520000	1186	47440000
1187	47480000	1217	48680000
1218	48720000	1254	50160000
1255	50200000	1265	50600000
1266	50640000	1288	51520000
1289	51560000	1314	52560000
1315	52600000	1336	53440000
1337	53480000	1361	54440000
1362	54480000	1413	56520000
1416	56640000	1538	61520000
1539	61560000	1654	66160000
1656	66240000	1675	67000000
1676	67040000	1727	69080000
1728	69120000	1890	75600000
1895	75800000	1922	76880000
1923	76920000	1994	79760000
1995	79800000	2020	80800000
2021	80840000	2040	81600000
2041	81640000	2098	83920000
2099	83960000	2151	86040000
2152	86080000	2189	87560000
2190	87600000	2210	88400000
2211	88440000	2234	89360000
2235	89400000	2262	90480000
2339	93560000	2493	99720000
2494	99760000	2568	102720000
2569	102760000	2669	106760000
2670	106800000	2712	108480000
2713	108520000	2753	110120000
2754	110160000	2862	114480000
2863	114520000	2889	115560000
2890	115600000	2970	118800000
2971	118840000	3044	121760000
3045	121800000	3066	122640000
3067	122680000	3213	128520000
3214	128560000	3243	129720000
3245	129800000	3264	130560000
3265	130600000	3296	131840000
3297	131880000	3325	133000000
3327	133080000	3349	133960000
3350	134000000	3385	135400000
3390	135600000	3393	135720000
3400	136000000	3403	136120000
3455	138200000	3459	138360000
3462	138480000	3469	138760000
3470	138800000	3473	138920000
3477	139080000	3484	139360000
3485	139400000	3488	139520000
3495	139800000	3501	140040000
3515	140600000	3519	140760000
3650	146000000	3671	146840000
3672	146880000	3723	148920000
3724	148960000	3740	149600000
3741	149640000	3760	150400000
3761	150440000	3811	152440000
3812	152480000	3875	155000000
3876	155040000	4345	173800000
4347	173880000	4393	175720000
4395	175800000	4491	179640000
4492	179680000	4520	180800000
4521	180840000	4536	181440000
4537	181480000	4714	188560000
4715	188600000	4745	189800000
4746	189840000	4850	194000000
4851	194040000	4865	194600000
