from.id	from.cord	to.id	to.cord
2	80000	29	1160000
30	1200000	46	1840000
47	1880000	81	3240000
82	3280000	122	4880000
123	4920000	235	9400000
236	9440000	252	10080000
253	10120000	269	10760000
270	10800000	289	11560000
290	11600000	329	13160000
330	13200000	342	13680000
343	13720000	364	14560000
365	14600000	377	15080000
378	15120000	422	16880000
423	16920000	444	17760000
457	18280000	485	19400000
486	19440000	514	20560000
515	20600000	596	23840000
597	23880000	633	25320000
634	25360000	733	29320000
734	29360000	754	30160000
755	30200000	784	31360000
785	31400000	814	32560000
815	32600000	828	33120000
829	33160000	907	36280000
908	36320000	940	37600000
941	37640000	970	38800000
972	38880000	978	39120000
1058	42320000	1062	42480000
1064	42560000	1070	42800000
1071	42840000	1155	46200000
1174	46960000	1178	47120000
1188	47520000	1192	47680000
1207	48280000	1216	48640000
1234	49360000	1250	50000000
1251	50040000	1260	50400000
1261	50440000	1266	50640000
1269	50760000	1278	51120000
1300	52000000	1399	55960000
1400	56000000	1431	57240000
1432	57280000	1511	60440000
1512	60480000	1525	61000000
1526	61040000	1801	72040000
1802	72080000	1895	75800000
1896	75840000	1899	75960000
1900	76000000	1915	76600000
1916	76640000	2156	86240000
2157	86280000	2173	86920000
2174	86960000	2187	87480000
2188	87520000	2193	87720000
2194	87760000	2212	88480000
2213	88520000	2219	88760000
2220	88800000	2225	89000000
2231	89240000	2255	90200000
2256	90240000	2311	92440000
2322	92880000	2325	93000000
2335	93400000	2338	93520000
2441	97640000	2444	97760000
2452	98080000	2479	99160000
2480	99200000	2545	101800000
2546	101840000	2570	102800000
2571	102840000	2584	103360000
2585	103400000	2599	103960000
2600	104000000	2667	106680000
2668	106720000	2691	107640000
2692	107680000	2871	114840000
2872	114880000	2954	118160000
2955	118200000	2982	119280000
2983	119320000	3011	120440000
3012	120480000	3122	124880000
3123	124920000	3137	125480000
3138	125520000	3146	125840000
3148	125920000	3186	127440000
3187	127480000	3197	127880000
3198	127920000	3215	128600000
