from.id	from.cord	to.id	to.cord
5	200000	43	1720000
44	1760000	73	2920000
74	2960000	85	3400000
86	3440000	92	3680000
93	3720000	105	4200000
106	4240000	139	5560000
140	5600000	169	6760000
170	6800000	319	12760000
320	12800000	337	13480000
338	13520000	356	14240000
357	14280000	396	15840000
397	15880000	411	16440000
412	16480000	432	17280000
433	17320000	437	17480000
438	17520000	456	18240000
458	18320000	470	18800000
472	18880000	495	19800000
497	19880000	500	20000000
502	20080000	522	20880000
524	20960000	528	21120000
531	21240000	536	21440000
538	21520000	550	22000000
553	22120000	600	24000000
601	24040000	668	26720000
670	26800000	701	28040000
702	28080000	730	29200000
731	29240000	745	29800000
746	29840000	766	30640000
767	30680000	791	31640000
792	31680000	798	31920000
800	32000000	810	32400000
813	32520000	819	32760000
821	32840000	828	33120000
829	33160000	848	33920000
849	33960000	860	34400000
861	34440000	893	35720000
894	35760000	910	36400000
911	36440000	942	37680000
943	37720000	951	38040000
952	38080000	989	39560000
990	39600000	1033	41320000
1034	41360000	1096	43840000
1097	43880000	1110	44400000
1111	44440000	1117	44680000
1118	44720000	1155	46200000
1156	46240000	1196	47840000
1197	47880000	1243	49720000
1244	49760000	1352	54080000
1353	54120000	1387	55480000
1388	55520000	1411	56440000
1412	56480000	1437	57480000
1438	57520000	1451	58040000
1453	58120000	1469	58760000
1547	61880000	1552	62080000
1554	62160000	1700	68000000
1701	68040000	1817	72680000
1818	72720000	2000	80000000
2001	80040000	2042	81680000
2043	81720000	2288	91520000
2289	91560000	2327	93080000
2328	93120000	2345	93800000
2346	93840000	2351	94040000
2352	94080000	2391	95640000
2395	95800000	2441	97640000
2442	97680000	2481	99240000
2485	99400000	2514	100560000
2515	100600000	2536	101440000
2537	101480000	2559	102360000
2560	102400000	2572	102880000
2573	102920000	2772	110880000
2773	110920000	2795	111800000
2796	111840000	2810	112400000
2811	112440000	2825	113000000
2826	113040000	2878	115120000
2879	115160000	2899	115960000
2900	116000000	3121	124840000
3122	124880000	3158	126320000
3159	126360000	3182	127280000
3183	127320000	3192	127680000
3193	127720000	3388	135520000
3389	135560000	3417	136680000
3418	136720000	3742	149680000
3743	149720000	3768	150720000
3769	150760000	3810	152400000
3811	152440000	3836	153440000
3837	153480000	3925	157000000
3926	157040000	3938	157520000
3942	157680000	3953	158120000
3954	158160000	3965	158600000
3966	158640000	3982	159280000
3983	159320000	4119	164760000
4120	164800000	4136	165440000
4137	165480000	4144	165760000
4145	165800000	4162	166480000
4163	166520000	4177	167080000
