from.id	from.cord	to.id	to.cord
1	40000	81	3240000
82	3280000	93	3720000
95	3800000	99	3960000
104	4160000	107	4280000
152	6080000	155	6200000
164	6560000	167	6680000
181	7240000	210	8400000
211	8440000	220	8800000
221	8840000	225	9000000
226	9040000	249	9960000
250	10000000	263	10520000
264	10560000	293	11720000
294	11760000	306	12240000
307	12280000	325	13000000
326	13040000	344	13760000
345	13800000	354	14160000
355	14200000	384	15360000
462	18480000	563	22520000
564	22560000	585	23400000
586	23440000	674	26960000
675	27000000	713	28520000
714	28560000	789	31560000
790	31600000	806	32240000
807	32280000	844	33760000
845	33800000	875	35000000
876	35040000	955	38200000
956	38240000	1003	40120000
1004	40160000	1028	41120000
1029	41160000	1169	46760000
1170	46800000	1186	47440000
1188	47520000	1211	48440000
1212	48480000	1270	50800000
1271	50840000	1277	51080000
1278	51120000	1293	51720000
1294	51760000	1301	52040000
1308	52320000	1354	54160000
1355	54200000	1396	55840000
1397	55880000	1438	57520000
1439	57560000	1481	59240000
1482	59280000	1500	60000000
1501	60040000	1684	67360000
1685	67400000	1702	68080000
1703	68120000	1708	68320000
1709	68360000	1716	68640000
1717	68680000	1724	68960000
1725	69000000	1740	69600000
1741	69640000	1784	71360000
1785	71400000	1802	72080000
1803	72120000	1806	72240000
1808	72320000	1819	72760000
1820	72800000	1840	73600000
1841	73640000	1862	74480000
1863	74520000	1867	74680000
