from.id	from.cord	to.id	to.cord
6	240000	150	6000000
151	6040000	182	7280000
185	7400000	190	7600000
193	7720000	205	8200000
206	8240000	277	11080000
278	11120000	291	11640000
292	11680000	362	14480000
363	14520000	372	14880000
375	15000000	387	15480000
388	15520000	427	17080000
428	17120000	443	17720000
444	17760000	508	20320000
509	20360000	512	20480000
515	20600000	522	20880000
523	20920000	560	22400000
561	22440000	614	24560000
693	27720000	702	28080000
703	28120000	780	31200000
781	31240000	831	33240000
832	33280000	866	34640000
867	34680000	907	36280000
908	36320000	914	36560000
915	36600000	918	36720000
920	36800000	931	37240000
932	37280000	943	37720000
945	37800000	1009	40360000
1010	40400000	1019	40760000
1020	40800000	1033	41320000
1034	41360000	1061	42440000
1062	42480000	1075	43000000
1076	43040000	1085	43400000
1089	43560000	1109	44360000
1110	44400000	1197	47880000
1198	47920000	1216	48640000
1217	48680000	1258	50320000
1259	50360000	1273	50920000
1277	51080000	1283	51320000
1284	51360000	1289	51560000
1290	51600000	1295	51800000
1297	51880000	1314	52560000
1318	52720000	1321	52840000
1328	53120000	1344	53760000
1350	54000000	1374	54960000
1376	55040000	1381	55240000
