from.id	from.cord	to.id	to.cord
4	160000	26	1040000
27	1080000	71	2840000
72	2880000	110	4400000
111	4440000	116	4640000
117	4680000	142	5680000
145	5800000	167	6680000
171	6840000	193	7720000
194	7760000	249	9960000
250	10000000	317	12680000
318	12720000	360	14400000
361	14440000	393	15720000
396	15840000	438	17520000
439	17560000	498	19920000
499	19960000	513	20520000
514	20560000	529	21160000
530	21200000	743	29720000
744	29760000	808	32320000
810	32400000	813	32520000
815	32600000	857	34280000
859	34360000	869	34760000
871	34840000	889	35560000
892	35680000	899	35960000
908	36320000	913	36520000
915	36600000	918	36720000
920	36800000	935	37400000
936	37440000	970	38800000
975	39000000	979	39160000
1102	44080000	1105	44200000
1708	68320000	1712	68480000
1774	70960000	2308	92320000
2317	92680000	2608	104320000
2609	104360000	2625	105000000
2626	105040000	2649	105960000
2650	106000000	2664	106560000
2665	106600000	2745	109800000
