from.id	from.cord	to.id	to.cord
504	20160000	982	39280000
985	39400000	992	39680000
994	39760000	1001	40040000
1002	40080000	1016	40640000
1017	40680000	1120	44800000
1121	44840000	1136	45440000
1137	45480000	1147	45880000
1148	45920000	1226	49040000
1227	49080000	1272	50880000
1273	50920000	1438	57520000
1439	57560000	1456	58240000
1457	58280000	1485	59400000
1486	59440000	1495	59800000
1496	59840000	1525	61000000
1526	61040000	1560	62400000
1561	62440000	1631	65240000
1632	65280000	1641	65640000
1642	65680000	1748	69920000
1749	69960000	1803	72120000
1804	72160000	1844	73760000
1845	73800000	1944	77760000
1945	77800000	1962	78480000
1963	78520000	1970	78800000
1971	78840000	1986	79440000
1987	79480000	1999	79960000
2000	80000000	2013	80520000
2014	80560000	2041	81640000
2042	81680000	2062	82480000
2063	82520000	2092	83680000
2093	83720000	2136	85440000
2137	85480000	2167	86680000
2168	86720000	2183	87320000
