from.id	from.cord	to.id	to.cord
1	40000	41	1640000
42	1680000	196	7840000
197	7880000	255	10200000
256	10240000	266	10640000
267	10680000	348	13920000
349	13960000	438	17520000
440	17600000	458	18320000
459	18360000	517	20680000
518	20720000	595	23800000
596	23840000	687	27480000
688	27520000	721	28840000
722	28880000	744	29760000
745	29800000	783	31320000
784	31360000	930	37200000
931	37240000	984	39360000
985	39400000	1159	46360000
1236	49440000	1490	59600000
1491	59640000	1520	60800000
1521	60840000	1554	62160000
1555	62200000	1582	63280000
1583	63320000	1614	64560000
1615	64600000	1618	64720000
1619	64760000	1660	66400000
1661	66440000	1698	67920000
1699	67960000	1715	68600000
1716	68640000	1720	68800000
1766	70640000	1773	70920000
1774	70960000	1784	71360000
1785	71400000	1829	73160000
1830	73200000	1986	79440000
1987	79480000	2025	81000000
2026	81040000	2195	87800000
2196	87840000	2280	91200000
2281	91240000	2290	91600000
2292	91680000	2322	92880000
2323	92920000	2367	94680000
2368	94720000	2390	95600000
2391	95640000	2413	96520000
2415	96600000	2496	99840000
2497	99880000	2514	100560000
2515	100600000	2535	101400000
2536	101440000	2583	103320000
2584	103360000	2614	104560000
2615	104600000	2670	106800000
2671	106840000	2692	107680000
2693	107720000	2714	108560000
2715	108600000	2728	109120000
2729	109160000	2738	109520000
2739	109560000	2800	112000000
2801	112040000	2986	119440000
2987	119480000	3015	120600000
3016	120640000	3080	123200000
3081	123240000	3092	123680000
3093	123720000	3159	126360000
3160	126400000	3191	127640000
3192	127680000	3269	130760000
3270	130800000	3294	131760000
3295	131800000	3426	137040000
3427	137080000	3459	138360000
3460	138400000	3469	138760000
3471	138840000	3493	139720000
3494	139760000	3506	140240000
3507	140280000	3511	140440000
3512	140480000	3516	140640000
3537	141480000	3541	141640000
3545	141800000	3548	141920000
3565	142600000	3568	142720000
3573	142920000	3577	143080000
3580	143200000	3583	143320000
3600	144000000	3603	144120000
3604	144160000	3607	144280000
3616	144640000	3619	144760000
3630	145200000	3633	145320000
3684	147360000	3687	147480000
3689	147560000	3692	147680000
3712	148480000	3715	148600000
3739	149560000	3743	149720000
3745	149800000	3760	150400000
3761	150440000	3804	152160000
3805	152200000	3826	153040000
3827	153080000	3903	156120000
3904	156160000	3921	156840000
3922	156880000	3968	158720000
3969	158760000	3982	159280000
3983	159320000	4038	161520000
4039	161560000	4107	164280000
4108	164320000	4120	164800000
4121	164840000	4195	167800000
4198	167920000	4279	171160000
4280	171200000	4321	172840000
4322	172880000	4349	173960000
4350	174000000	4391	175640000
