from.id	from.cord	to.id	to.cord
2	80000	52	2080000
53	2120000	58	2320000
59	2360000	68	2720000
69	2760000	215	8600000
220	8800000	236	9440000
239	9560000	256	10240000
259	10360000	272	10880000
278	11120000	301	12040000
305	12200000	309	12360000
312	12480000	352	14080000
353	14120000	369	14760000
381	15240000	387	15480000
392	15680000	400	16000000
401	16040000	408	16320000
421	16840000	429	17160000
435	17400000	446	17840000
447	17880000	457	18280000
468	18720000	479	19160000
480	19200000	489	19560000
492	19680000	498	19920000
499	19960000	534	21360000
537	21480000	545	21800000
548	21920000	560	22400000
563	22520000	659	26360000
660	26400000	693	27720000
694	27760000	706	28240000
712	28480000	716	28640000
723	28920000	735	29400000
740	29600000	754	30160000
758	30320000	778	31120000
779	31160000	791	31640000
792	31680000	797	31880000
798	31920000	812	32480000
813	32520000	816	32640000
833	33320000	840	33600000
845	33800000	850	34000000
854	34160000	881	35240000
1159	46360000	1612	64480000
1613	64520000	1642	65680000
1643	65720000	1678	67120000
1679	67160000	1752	70080000
1753	70120000	1764	70560000
1765	70600000	1773	70920000
1774	70960000	1781	71240000
1782	71280000	1811	72440000
1812	72480000	1897	75880000
1898	75920000	1912	76480000
