from.id	from.cord	to.id	to.cord
0	0	959	38360000
960	38400000	975	39000000
977	39080000	982	39280000
983	39320000	999	39960000
1000	40000000	1290	51600000
1291	51640000	1339	53560000
1340	53600000	1346	53840000
1347	53880000	1350	54000000
1351	54040000	1360	54400000
1361	54440000	1374	54960000
1375	55000000	1433	57320000
1434	57360000	1450	58000000
1451	58040000	1467	58680000
1470	58800000	1485	59400000
1486	59440000	1550	62000000
1551	62040000	1590	63600000
1591	63640000	1606	64240000
1607	64280000	1663	66520000
1664	66560000	1683	67320000
1684	67360000	1688	67520000
1689	67560000	1824	72960000
1825	73000000	1838	73520000
1839	73560000	1877	75080000
1878	75120000	2090	83600000
2091	83640000	2143	85720000
2144	85760000	2168	86720000
2172	86880000	2178	87120000
2179	87160000	2235	89400000
2236	89440000	2261	90440000
2262	90480000	2314	92560000
2317	92680000	2340	93600000
2341	93640000	2387	95480000
