from.id	from.cord	to.id	to.cord
1	40000	24	960000
25	1000000	43	1720000
45	1800000	48	1920000
50	2000000	55	2200000
57	2280000	78	3120000
80	3200000	90	3600000
100	4000000	104	4160000
106	4240000	136	5440000
138	5520000	142	5680000
144	5760000	149	5960000
152	6080000	162	6480000
164	6560000	173	6920000
175	7000000	179	7160000
181	7240000	228	9120000
229	9160000	248	9920000
249	9960000	458	18320000
459	18360000	488	19520000
489	19560000	499	19960000
500	20000000	571	22840000
572	22880000	608	24320000
609	24360000	625	25000000
626	25040000	658	26320000
659	26360000	697	27880000
698	27920000	733	29320000
735	29400000	776	31040000
777	31080000	796	31840000
797	31880000	814	32560000
815	32600000	823	32920000
824	32960000	871	34840000
947	37880000	1168	46720000
1169	46760000	1183	47320000
1184	47360000	1290	51600000
1291	51640000	1301	52040000
1302	52080000	1411	56440000
1412	56480000	1418	56720000
1419	56760000	1534	61360000
1535	61400000	1570	62800000
1571	62840000	1642	65680000
1643	65720000	1681	67240000
1682	67280000	1826	73040000
1827	73080000	1861	74440000
1862	74480000	1891	75640000
1892	75680000	1933	77320000
1934	77360000	1952	78080000
1953	78120000	2010	80400000
2011	80440000	2034	81360000
2035	81400000	2089	83560000
2090	83600000	2118	84720000
2119	84760000	2135	85400000
2136	85440000	2152	86080000
2153	86120000	2232	89280000
2233	89320000	2286	91440000
2287	91480000	2311	92440000
2312	92480000	2321	92840000
2322	92880000	2338	93520000
2339	93560000	2359	94360000
2360	94400000	2437	97480000
2438	97520000	2461	98440000
2462	98480000	2498	99920000
2499	99960000	2509	100360000
2510	100400000	2546	101840000
2547	101880000	2560	102400000
2561	102440000	2590	103600000
2591	103640000	2604	104160000
2605	104200000	2632	105280000
2633	105320000	2657	106280000
2658	106320000	2688	107520000
2689	107560000	2713	108520000
2714	108560000	2949	117960000
2950	118000000	2985	119400000
2986	119440000	3015	120600000
3016	120640000	3033	121320000
3034	121360000	3187	127480000
3188	127520000	3207	128280000
3208	128320000	3216	128640000
3217	128680000	3263	130520000
