from.id	from.cord	to.id	to.cord
0	0	45	1800000
46	1840000	79	3160000
80	3200000	92	3680000
93	3720000	100	4000000
101	4040000	125	5000000
130	5200000	176	7040000
177	7080000	330	13200000
331	13240000	380	15200000
381	15240000	394	15760000
395	15800000	406	16240000
411	16440000	422	16880000
423	16920000	504	20160000
505	20200000	516	20640000
517	20680000	565	22600000
566	22640000	582	23280000
583	23320000	601	24040000
602	24080000	632	25280000
633	25320000	669	26760000
670	26800000	684	27360000
685	27400000	699	27960000
700	28000000	730	29200000
731	29240000	1003	40120000
1004	40160000	1028	41120000
1029	41160000	1066	42640000
1067	42680000	1078	43120000
1079	43160000	1107	44280000
1108	44320000	1132	45280000
1133	45320000	1147	45880000
1148	45920000	1357	54280000
1358	54320000	1375	55000000
1376	55040000	1390	55600000
1391	55640000	1568	62720000
1569	62760000	1609	64360000
1610	64400000	1620	64800000
1621	64840000	1630	65200000
1631	65240000	1639	65560000
1640	65600000	1648	65920000
1649	65960000	1668	66720000
1669	66760000	1673	66920000
1674	66960000	1719	68760000
1720	68800000	1731	69240000
1732	69280000	1794	71760000
1795	71800000	1830	73200000
1831	73240000	1838	73520000
1839	73560000	2130	85200000
2131	85240000	2143	85720000
2144	85760000	2148	85920000
2149	85960000	2177	87080000
2185	87400000	2189	87560000
2209	88360000	2212	88480000
2219	88760000	2238	89520000
2291	91640000	2299	91960000
2301	92040000	2304	92160000
2383	95320000	2401	96040000
2408	96320000	2447	97880000
2454	98160000	2648	105920000
2649	105960000	2671	106840000
2672	106880000	2675	107000000
2677	107080000	2752	110080000
2756	110240000	2762	110480000
2771	110840000	2774	110960000
2784	111360000	2801	112040000
2803	112120000	2814	112560000
2815	112600000	2827	113080000
2829	113160000	2836	113440000
2837	113480000	2939	117560000
2940	117600000	2943	117720000
2944	117760000	2953	118120000
2954	118160000	2970	118800000
2974	118960000	2981	119240000
2982	119280000	3036	121440000
3037	121480000	3053	122120000
3054	122160000	3132	125280000
3133	125320000	3270	130800000
3272	130880000	3278	131120000
3286	131440000	3299	131960000
3301	132040000	3400	136000000
3401	136040000	3445	137800000
3446	137840000	3569	142760000
3570	142800000	3593	143720000
3594	143760000	3667	146680000
3668	146720000	3742	149680000
3744	149760000	3752	150080000
3753	150120000	3779	151160000
3780	151200000	3865	154600000
3914	156560000	3917	156680000
3921	156840000	3930	157200000
3987	159480000	3990	159600000
4012	160480000	4015	160600000
4038	161520000	4083	163320000
4084	163360000	4131	165240000
4132	165280000	4472	178880000
4473	178920000	4488	179520000
4489	179560000	4503	180120000
4504	180160000	4912	196480000
4913	196520000	4936	197440000
4937	197480000	4940	197600000
4941	197640000	4989	199560000
4990	199600000	5118	204720000
5119	204760000	5158	206320000
5159	206360000	5300	212000000
5301	212040000	5348	213920000
5349	213960000	5529	221160000
5530	221200000	5562	222480000
5563	222520000	5599	223960000
5600	224000000	5773	230920000
5774	230960000	5798	231920000
5799	231960000	5849	233960000
5851	234040000	5896	235840000
