from.id	from.cord	to.id	to.cord
4	160000	28	1120000
30	1200000	81	3240000
84	3360000	106	4240000
108	4320000	111	4440000
112	4480000	116	4640000
118	4720000	126	5040000
131	5240000	135	5400000
141	5640000	148	5920000
276	11040000	280	11200000
303	12120000	315	12600000
316	12640000	370	14800000
371	14840000	389	15560000
390	15600000	402	16080000
403	16120000	423	16920000
424	16960000	441	17640000
442	17680000	447	17880000
448	17920000	457	18280000
458	18320000	517	20680000
518	20720000	929	37160000
930	37200000	978	39120000
979	39160000	993	39720000
994	39760000	1015	40600000
1016	40640000	1037	41480000
1038	41520000	1091	43640000
1092	43680000	1104	44160000
1105	44200000	1123	44920000
1124	44960000	1154	46160000
1155	46200000	1167	46680000
1168	46720000	1268	50720000
1280	51200000	1289	51560000
1370	54800000	1732	69280000
1733	69320000	1742	69680000
1744	69760000	1751	70040000
1754	70160000	1770	70800000
1771	70840000	1774	70960000
1775	71000000	1789	71560000
1790	71600000	1793	71720000
1794	71760000	1821	72840000
1822	72880000	1852	74080000
1853	74120000	1856	74240000
1857	74280000	1869	74760000
1870	74800000	1879	75160000
1880	75200000	1887	75480000
1888	75520000	1913	76520000
1914	76560000	2082	83280000
2083	83320000	2102	84080000
2103	84120000	2131	85240000
2132	85280000	2200	88000000
2201	88040000	2234	89360000
2245	89800000	2257	90280000
2258	90320000	2272	90880000
2273	90920000	2282	91280000
2283	91320000	2327	93080000
2328	93120000	2378	95120000
2379	95160000	2407	96280000
2411	96440000	2426	97040000
2427	97080000	2480	99200000
2481	99240000	2497	99880000
2498	99920000	2513	100520000
2514	100560000	2517	100680000
2521	100840000	2525	101000000
2526	101040000	2537	101480000
2538	101520000	2602	104080000
2603	104120000	2640	105600000
2641	105640000	2674	106960000
2675	107000000	2852	114080000
2853	114120000	2892	115680000
2893	115720000	2973	118920000
2974	118960000	3013	120520000
3014	120560000	3024	120960000
3025	121000000	3039	121560000
3040	121600000	3081	123240000
3082	123280000	3090	123600000
3091	123640000	3110	124400000
3111	124440000	3263	130520000
