from.id	from.cord	to.id	to.cord
18	720000	64	2560000
67	2680000	90	3600000
91	3640000	95	3800000
100	4000000	115	4600000
119	4760000	122	4880000
123	4920000	172	6880000
174	6960000	191	7640000
192	7680000	245	9800000
246	9840000	264	10560000
265	10600000	323	12920000
344	13760000	362	14480000
366	14640000	370	14800000
372	14880000	397	15880000
398	15920000	427	17080000
429	17160000	491	19640000
492	19680000	515	20600000
516	20640000	606	24240000
609	24360000	662	26480000
663	26520000	668	26720000
669	26760000	746	29840000
750	30000000	897	35880000
898	35920000	928	37120000
929	37160000	954	38160000
955	38200000	971	38840000
972	38880000	995	39800000
996	39840000	1138	45520000
1139	45560000	1145	45800000
1146	45840000	1158	46320000
1159	46360000	1219	48760000
1220	48800000	1227	49080000
1228	49120000	1579	63160000
1580	63200000	1602	64080000
1603	64120000	1727	69080000
1728	69120000	1755	70200000
1756	70240000	1836	73440000
1837	73480000	1849	73960000
1850	74000000	1927	77080000
1928	77120000	1940	77600000
1941	77640000	1955	78200000
1956	78240000	2012	80480000
2013	80520000	2042	81680000
2050	82000000	2077	83080000
2080	83200000	2083	83320000
2085	83400000	2108	84320000
2109	84360000	2112	84480000
2113	84520000	2128	85120000
2130	85200000	2136	85440000
2138	85520000	2141	85640000
2143	85720000	2152	86080000
2155	86200000	2163	86520000
2165	86600000	2180	87200000
2183	87320000	2199	87960000
2201	88040000	2206	88240000
2208	88320000	2236	89440000
2237	89480000	2275	91000000
2276	91040000	2310	92400000
2311	92440000	2407	96280000
2408	96320000	2420	96800000
2421	96840000	2430	97200000
2431	97240000	2594	103760000
2600	104000000	2603	104120000
2607	104280000	2718	108720000
2725	109000000	2881	115240000
2882	115280000	2891	115640000
2892	115680000	2900	116000000
2901	116040000	2915	116600000
2916	116640000	2922	116880000
2923	116920000	2999	119960000
3000	120000000	3010	120400000
3011	120440000	3017	120680000
3027	121080000	3031	121240000
3563	142520000	3566	142640000
3598	143920000	3601	144040000
3620	144800000	3632	145280000
3635	145400000	3645	145800000
3661	146440000	3685	147400000
3725	149000000	3734	149360000
3741	149640000	3744	149760000
3746	149840000	4468	178720000
4469	178760000	4484	179360000
4485	179400000	4933	197320000
4934	197360000	4972	198880000
4973	198920000	5061	202440000
5062	202480000	5089	203560000
5090	203600000	5147	205880000
5152	206080000	5158	206320000
5162	206480000	5169	206760000
5170	206800000	5198	207920000
5199	207960000	5336	213440000
5337	213480000	5350	214000000
5351	214040000	5368	214720000
5369	214760000	5455	218200000
5456	218240000	5505	220200000
5506	220240000	5520	220800000
5521	220840000	5527	221080000
