from.id	from.cord	to.id	to.cord
12	480000	25	1000000
26	1040000	109	4360000
110	4400000	123	4920000
124	4960000	178	7120000
179	7160000	192	7680000
193	7720000	246	9840000
247	9880000	265	10600000
266	10640000	379	15160000
380	15200000	394	15760000
395	15800000	406	16240000
407	16280000	430	17200000
431	17240000	450	18000000
451	18040000	473	18920000
478	19120000	509	20360000
511	20440000	538	21520000
542	21680000	556	22240000
631	25240000	862	34480000
873	34920000	893	35720000
894	35760000	926	37040000
927	37080000	938	37520000
939	37560000	997	39880000
998	39920000	1012	40480000
1013	40520000	1026	41040000
1027	41080000	1032	41280000
1033	41320000	1038	41520000
1039	41560000	1089	43560000
1091	43640000	1098	43920000
1099	43960000	1108	44320000
1119	44760000	1122	44880000
1123	44920000	1134	45360000
1135	45400000	1190	47600000
1192	47680000	1200	48000000
1201	48040000	1209	48360000
1210	48400000	1213	48520000
1215	48600000	1313	52520000
1314	52560000	1319	52760000
1320	52800000	1344	53760000
1345	53800000	1424	56960000
1425	57000000	1438	57520000
1439	57560000	1471	58840000
1472	58880000	1478	59120000
1479	59160000	1497	59880000
1498	59920000	1514	60560000
1515	60600000	1530	61200000
1531	61240000	1671	66840000
1674	66960000	1716	68640000
1717	68680000	1726	69040000
1727	69080000	1749	69960000
1751	70040000	1769	70760000
1770	70800000	1777	71080000
1831	73240000	1836	73440000
1862	74480000	1866	74640000
1910	76400000	1913	76520000
1914	76560000	1918	76720000
