from.id	from.cord	to.id	to.cord
1	40000	5	200000
10	400000	25	1000000
26	1040000	63	2520000
64	2560000	121	4840000
122	4880000	148	5920000
150	6000000	169	6760000
171	6840000	317	12680000
318	12720000	336	13440000
337	13480000	372	14880000
373	14920000	397	15880000
398	15920000	406	16240000
408	16320000	445	17800000
446	17840000	471	18840000
472	18880000	496	19840000
497	19880000	520	20800000
521	20840000	536	21440000
537	21480000	556	22240000
557	22280000	592	23680000
593	23720000	611	24440000
612	24480000	624	24960000
625	25000000	650	26000000
651	26040000	683	27320000
684	27360000	707	28280000
708	28320000	726	29040000
727	29080000	745	29800000
746	29840000	782	31280000
783	31320000	816	32640000
817	32680000	880	35200000
881	35240000	895	35800000
897	35880000	901	36040000
903	36120000	906	36240000
912	36480000	970	38800000
972	38880000	990	39600000
992	39680000	996	39840000
998	39920000	1003	40120000
1005	40200000	1009	40360000
1010	40400000	1048	41920000
1049	41960000	1076	43040000
1077	43080000	1092	43680000
1093	43720000	1207	48280000
1208	48320000	1253	50120000
1254	50160000	1290	51600000
1291	51640000	1374	54960000
1375	55000000	1421	56840000
1428	57120000	1450	58000000
1543	61720000	1547	61880000
1549	61960000	1568	62720000
1581	63240000	1624	64960000
1629	65160000	1650	66000000
1652	66080000	1658	66320000
1662	66480000	1681	67240000
1684	67360000	1693	67720000
1694	67760000	1717	68680000
1718	68720000	1738	69520000
1742	69680000	1774	70960000
1775	71000000	1781	71240000
1784	71360000	1810	72400000
1816	72640000	1837	73480000
1838	73520000	1853	74120000
1876	75040000	1893	75720000
1894	75760000	1915	76600000
1917	76680000	1965	78600000
1966	78640000	1991	79640000
1992	79680000	2076	83040000
2077	83080000	2110	84400000
2111	84440000	2122	84880000
2123	84920000	2165	86600000
2166	86640000	2197	87880000
2198	87920000	2225	89000000
2226	89040000	2254	90160000
2255	90200000	2273	90920000
2274	90960000	2293	91720000
2294	91760000	2308	92320000
2309	92360000	2333	93320000
2334	93360000	2381	95240000
2382	95280000	2423	96920000
2424	96960000	2441	97640000
2442	97680000	2488	99520000
2489	99560000	2513	100520000
2515	100600000	2552	102080000
2561	102440000	2619	104760000
2620	104800000	2634	105360000
2635	105400000	3113	124520000
3114	124560000	3153	126120000
3154	126160000	3253	130120000
3256	130240000	3428	137120000
3429	137160000	3454	138160000
3455	138200000	3556	142240000
3558	142320000	3577	143080000
3588	143520000	3596	143840000
3601	144040000	3619	144760000
3620	144800000	3766	150640000
3767	150680000	3819	152760000
