from.id	from.cord	to.id	to.cord
0	0	13	520000
14	560000	35	1400000
38	1520000	42	1680000
43	1720000	145	5800000
146	5840000	167	6680000
168	6720000	178	7120000
179	7160000	194	7760000
195	7800000	228	9120000
234	9360000	345	13800000
346	13840000	386	15440000
387	15480000	412	16480000
413	16520000	442	17680000
443	17720000	452	18080000
453	18120000	470	18800000
471	18840000	523	20920000
524	20960000	680	27200000
681	27240000	697	27880000
698	27920000	773	30920000
774	30960000	797	31880000
798	31920000	912	36480000
913	36520000	941	37640000
942	37680000	1232	49280000
1318	52720000	1323	52920000
1325	53000000	1329	53160000
1357	54280000	1361	54440000
1384	55360000	1387	55480000
1399	55960000	1402	56080000
1428	57120000	1432	57280000
1436	57440000	1440	57600000
1485	59400000	1489	59560000
1517	60680000	1521	60840000
1533	61320000	1536	61440000
1537	61480000	1625	65000000
1626	65040000	1676	67040000
1677	67080000	1723	68920000
1724	68960000	1734	69360000
1737	69480000	1881	75240000
1887	75480000	2183	87320000
2184	87360000	2200	88000000
2201	88040000	2256	90240000
2257	90280000	2286	91440000
2287	91480000	2370	94800000
2371	94840000	2419	96760000
2420	96800000	2491	99640000
2492	99680000	2523	100920000
2524	100960000	2542	101680000
2543	101720000	2565	102600000
2566	102640000	2768	110720000
2769	110760000	2813	112520000
2814	112560000	2920	116800000
2921	116840000	2928	117120000
2929	117160000	2937	117480000
2938	117520000	2947	117880000
2948	117920000	2973	118920000
2974	118960000	2981	119240000
2982	119280000	3022	120880000
3023	120920000	3078	123120000
3079	123160000	3102	124080000
3103	124120000	3115	124600000
3116	124640000	3142	125680000
3143	125720000	3162	126480000
3163	126520000	3245	129800000
3246	129840000	3307	132280000
3308	132320000	3371	134840000
3372	134880000	3419	136760000
3420	136800000	3431	137240000
3432	137280000	3440	137600000
3441	137640000	3460	138400000
3461	138440000	3487	139480000
3488	139520000	3555	142200000
3556	142240000	3588	143520000
3589	143560000	3640	145600000
3641	145640000	3702	148080000
3703	148120000	3957	158280000
3958	158320000	3977	159080000
3978	159120000	4099	163960000
4100	164000000	4173	166920000
4174	166960000	4194	167760000
4195	167800000	4214	168560000
4215	168600000	4232	169280000
4233	169320000	4250	170000000
4251	170040000	4267	170680000
4268	170720000	4403	176120000
4404	176160000	4435	177400000
4436	177440000	4450	178000000
4451	178040000	4472	178880000
4473	178920000	4628	185120000
4629	185160000	4682	187280000
