Chr	Start	End	DCI_Score
chr10	102160000	102200000	7.666735989134081
chr10	125000000	125040000	8.939163974658733
chr10	127000000	127040000	8.033592397032283
chr10	127040000	127080000	7.918347999709872
chr10	128880000	128920000	7.076244109585964
chr10	129680000	129720000	11.754519520396874
chr10	130280000	130320000	7.360244151008666
chr10	130360000	130400000	7.85580451540164
chr10	130400000	130440000	8.71308807864054
chr10	130440000	130480000	12.457417726890988
chr10	130480000	130520000	8.758621419534657
chr10	130520000	130560000	7.152918978107032
chr10	130560000	130600000	9.42813551479073
chr10	130600000	130640000	7.494607117612474
chr10	130640000	130680000	8.713423831391943
chr10	130680000	130720000	10.288234683320487
chr10	130720000	130760000	7.662298133556986
chr10	130760000	130800000	8.862895514405514
chr10	130800000	130840000	15.965376172822912
chr10	130840000	130880000	10.714670885933046
chr10	130960000	131000000	7.963251785703991
chr10	131120000	131160000	10.335879163770137
chr10	131160000	131200000	7.0738916174944055
chr10	131200000	131240000	13.696621112349238
chr10	131280000	131320000	11.613435084085893
chr10	131320000	131360000	7.542560751616902
chr10	131400000	131440000	7.980537060448235
chr10	131440000	131480000	8.601789856044347
chr10	131640000	131680000	8.919031009663025
chr10	37680000	37720000	9.232313026757689
chr10	37720000	37760000	7.955092584875697
chr10	37760000	37800000	11.906415370852814
chr10	37800000	37840000	10.101505677053284
chr10	37880000	37920000	10.758009232418344
chr10	37960000	38000000	7.280334166073079
chr10	38040000	38080000	8.262691883027356
chr10	38120000	38160000	9.003766305449718
chr10	38160000	38200000	8.819553233742319
chr10	38200000	38240000	7.779797121410207
chr10	38280000	38320000	9.64882942308676
chr10	42480000	42520000	10.000885486483066
chr10	43480000	43520000	7.38642557969598
chr10	43520000	43560000	7.850253011474535
chr10	43600000	43640000	8.203285318428767
chr10	44040000	44080000	7.2409446699388536
chr10	45320000	45360000	7.114972322953867
chr10	54240000	54280000	7.145598700213327
chr10	70560000	70600000	7.3629698543265745
chr10	73800000	73840000	8.84950258289379
chr10	79200000	79240000	7.324629776044643
chr10	84880000	84920000	8.059366927487677
chr10	85120000	85160000	8.338531917671395
chr10	99800000	99840000	7.1866146419931605
chr11	10760000	10800000	7.797986312747485
chr11	1080000	1120000	11.703053569797028
chr11	1160000	1200000	8.50763226641676
chr11	117240000	117280000	7.896778657562602
chr11	1200000	1240000	9.545821059855351
chr11	1320000	1360000	7.234310079368209
chr11	2600000	2640000	7.1509285467723975
chr11	2880000	2920000	9.568175106240048
chr11	360000	400000	7.729785336325504
chr11	39680000	39720000	7.470540041560023
chr11	400000	440000	7.859112725504037
chr11	4080000	4120000	7.817625662134763
chr11	440000	480000	7.220166222861391
chr11	46680000	46720000	8.445601463122022
chr11	47320000	47360000	7.147198506280004
chr11	480000	520000	7.499309090760843
chr11	48280000	48320000	9.93498958306859
chr11	48640000	48680000	7.013773089801428
chr11	49120000	49160000	9.613377869484337
chr11	49200000	49240000	8.40722926449259
chr11	49280000	49320000	8.421181718538298
chr11	49360000	49400000	8.516645373647641
chr11	49680000	49720000	7.8742505649083485
chr11	49880000	49920000	8.885545833652065
chr11	49960000	50000000	8.72222295065558
chr11	50040000	50080000	7.226686102587296
chr11	50160000	50200000	8.771663582047989
chr11	50200000	50240000	7.218558601680898
chr11	520000	560000	8.784296323195981
chr11	54720000	54760000	9.109297999723394
chr11	55320000	55360000	7.305176335215335
chr11	55400000	55440000	10.338161594559477
chr11	55440000	55480000	8.186580160774875
chr11	55480000	55520000	9.118939563538516
chr11	55520000	55560000	7.1115308017286365
chr11	65080000	65120000	8.783330737053136
chr11	65600000	65640000	8.574058353327842
chr11	66240000	66280000	7.5313864016868175
chr11	67440000	67480000	7.115737900853862
chr11	71880000	71920000	7.2799161499438165
chr11	75400000	75440000	7.081112946566077
chr11	800000	840000	7.475161664510754
chr11	97920000	97960000	8.751688710571411
chr12	10320000	10360000	8.767347613290742
chr12	112160000	112200000	7.441618210036357
chr12	11480000	11520000	8.138169360489107
chr12	121240000	121280000	7.139428926114325
chr12	122200000	122240000	9.86578653241775
chr12	124320000	124360000	8.921744290754203
chr12	124360000	124400000	8.619196160233654
chr12	124400000	124440000	8.807968557895911
chr12	125960000	126000000	7.051702702474114
chr12	126000000	126040000	8.601101697576858
chr12	126720000	126760000	11.121025618063841
chr12	127280000	127320000	9.163117329276536
chr12	127320000	127360000	8.373964993882872
chr12	127480000	127520000	7.995680227237827
chr12	127600000	127640000	7.8705490809285035
chr12	127720000	127760000	8.042860667059088
chr12	127880000	127920000	7.3796730063725775
chr12	12800000	12840000	7.551859881086369
chr12	128040000	128080000	8.400601749794031
chr12	128200000	128240000	8.368679575369843
chr12	128320000	128360000	7.639905335731125
chr12	128400000	128440000	7.190904398055077
chr12	128440000	128480000	8.11870007812111
chr12	128480000	128520000	9.774766797349226
chr12	128520000	128560000	8.988076466503127
chr12	128560000	128600000	7.294029545888804
chr12	128600000	128640000	8.465080323836247
chr12	128640000	128680000	10.420818173501145
chr12	128720000	128760000	7.350404559873921
chr12	128760000	128800000	7.213634344307531
chr12	128840000	128880000	7.348902393536779
chr12	128960000	129000000	7.3350891312438025
chr12	129000000	129040000	7.80576429933476
chr12	129080000	129120000	9.970675163693306
chr12	129160000	129200000	7.140190497198344
chr12	129280000	129320000	11.42378081715701
chr12	129320000	129360000	7.688147741264652
chr12	129440000	129480000	8.533435744468836
chr12	129480000	129520000	7.4363407353507585
chr12	129600000	129640000	9.561927066995837
chr12	129640000	129680000	10.873875832594663
chr12	129680000	129720000	7.232061929320923
chr12	129720000	129760000	7.2709563255051695
chr12	129760000	129800000	7.3462736672876465
chr12	129840000	129880000	8.301282978913394
chr12	129880000	129920000	9.890926210039312
chr12	129920000	129960000	8.283123481772183
chr12	130040000	130080000	12.832611198733106
chr12	130080000	130120000	10.058537197205752
chr12	130160000	130200000	8.09277392747428
chr12	130200000	130240000	10.506910593200518
chr12	130240000	130280000	8.86906051251669
chr12	130360000	130400000	10.076925108067996
chr12	130440000	130480000	7.969262554643183
chr12	130480000	130520000	12.738699538090419
chr12	130520000	130560000	8.027364108888934
chr12	130600000	130640000	10.51597438831266
chr12	130640000	130680000	8.086396664303917
chr12	130680000	130720000	7.146216476727194
chr12	131000000	131040000	8.160421822070035
chr12	132040000	132080000	9.538186775850157
chr12	132600000	132640000	7.893990834140563
chr12	132640000	132680000	7.340168522320423
chr12	132920000	132960000	7.077044449113887
chr12	240000	280000	7.635907673319763
chr12	3040000	3080000	8.485665357738448
chr12	31640000	31680000	11.450362031151075
chr12	32680000	32720000	8.907191647232024
chr12	34080000	34120000	8.01690640115659
chr12	34320000	34360000	11.295278188617369
chr12	34680000	34720000	7.469024313253082
chr12	37520000	37560000	9.367131177587648
chr12	37760000	37800000	7.410192529846505
chr12	38200000	38240000	8.050880361943907
chr12	38880000	38920000	7.399592009889494
chr12	39400000	39440000	7.018198258541875
chr12	41240000	41280000	8.609849934867805
chr12	43360000	43400000	9.674558062579976
chr12	49520000	49560000	9.215046697407383
chr12	49560000	49600000	10.951450383201346
chr12	49760000	49800000	7.432279846101945
chr12	50680000	50720000	8.721004158715127
chr12	50720000	50760000	7.4947252847462575
chr12	5120000	5160000	7.065172277233994
chr12	82000000	82040000	7.715903498905866
chr13	112840000	112880000	7.428922980299045
chr13	113920000	113960000	8.678317559898401
chr13	18720000	18760000	8.11301005408387
chr13	18800000	18840000	9.888002531215008
chr13	18880000	18920000	8.297611884534799
chr13	18960000	19000000	13.201092708734937
chr13	19000000	19040000	7.918398401480408
chr13	19040000	19080000	10.708529276543645
chr13	19120000	19160000	11.574177164573245
chr13	19160000	19200000	9.623586093199432
chr13	19200000	19240000	12.518610822791345
chr13	19280000	19320000	7.793608781823876
chr13	19360000	19400000	8.443076481365624
chr13	19480000	19520000	7.437238500219223
chr13	19520000	19560000	7.587484524035146
chr13	19560000	19600000	7.832031206833284
chr13	19840000	19880000	7.027031562972468
chr13	19880000	19920000	7.207432671629737
chr13	22960000	23000000	7.212593394252733
chr13	25520000	25560000	7.965238238962345
chr13	26160000	26200000	7.057350422151037
chr13	30880000	30920000	7.251204194394433
chr13	32720000	32760000	8.006883162959571
chr13	33800000	33840000	7.76533630446925
chr13	40680000	40720000	9.440229454208724
chr13	46760000	46800000	9.720283886096993
chr14	100160000	100200000	8.31198258749282
chr14	101680000	101720000	8.78333772688615
chr14	102920000	102960000	9.712463083343918
chr14	103480000	103520000	7.969163914101389
chr14	105360000	105400000	7.154418306206031
chr14	105520000	105560000	7.955496232668509
chr14	105760000	105800000	10.037109052057883
chr14	105840000	105880000	8.882648652528028
chr14	105880000	105920000	7.068455692154143
chr14	106000000	106040000	8.263364967800912
chr14	106600000	106640000	9.299344298026604
chr14	19840000	19880000	7.424253288129313
chr14	31600000	31640000	7.39562988233879
chr14	31640000	31680000	7.775154402091503
chr14	33040000	33080000	7.168273767216857
chr14	34400000	34440000	7.709385297797108
chr14	43120000	43160000	8.267133457088862
chr14	47600000	47640000	7.0580966650634105
chr14	48440000	48480000	7.290900399653058
chr14	48600000	48640000	8.341954725658416
chr14	92400000	92440000	7.468408760752566
chr15	23920000	23960000	8.029238322636951
chr15	23960000	24000000	7.607787378450505
chr15	24080000	24120000	7.714077845383309
chr15	24440000	24480000	7.244771289126509
chr15	24520000	24560000	7.489802272727137
chr15	25120000	25160000	9.639842302300293
chr15	25160000	25200000	8.220855433120008
chr15	25200000	25240000	8.219997451030583
chr15	25240000	25280000	7.087826717151809
chr15	43080000	43120000	8.574883815973376
chr15	43120000	43160000	8.017816801605617
chr15	47080000	47120000	8.648405695880218
chr15	54160000	54200000	7.678155531895795
chr15	54800000	54840000	8.82590314550344
chr15	54840000	54880000	8.27138746702886
chr15	62720000	62760000	7.267377327679662
chr15	72160000	72200000	7.775179042811486
chr15	72320000	72360000	7.718973773390258
chr15	86840000	86880000	7.721351195510974
chr15	88560000	88600000	7.005675866674966
chr16	1400000	1440000	8.25484362136836
chr16	1520000	1560000	10.767132259932916
chr16	1760000	1800000	7.263952167109598
chr16	2160000	2200000	8.331051155583525
chr16	25600000	25640000	7.239642597299229
chr16	25680000	25720000	7.155099992610512
chr16	25760000	25800000	10.18837451642909
chr16	25960000	26000000	8.336606180342988
chr16	26600000	26640000	7.327655125578759
chr16	26720000	26760000	8.222189439962733
chr16	26760000	26800000	8.40822117735878
chr16	27120000	27160000	7.025774841889078
chr16	27480000	27520000	7.396246667815262
chr16	30720000	30760000	8.218846001950928
chr16	30760000	30800000	7.5799890118226205
chr16	31280000	31320000	8.234140232142758
chr16	31400000	31440000	7.319895673666839
chr16	35320000	35360000	7.266315191825652
chr16	35360000	35400000	8.213229651792185
chr16	35480000	35520000	7.095317759479692
chr16	5760000	5800000	8.034288686019543
chr16	5800000	5840000	10.575643138275034
chr16	5920000	5960000	12.070368364889555
chr16	6080000	6120000	7.191816537021482
chr16	6280000	6320000	7.992335206362706
chr16	6360000	6400000	8.606263165831788
chr16	640000	680000	7.4589793176175725
chr16	6480000	6520000	7.127493988855635
chr16	67200000	67240000	7.00133929986429
chr16	6800000	6840000	8.011542020681153
chr16	7160000	7200000	7.954598296049089
chr16	7240000	7280000	11.37384952843383
chr16	7320000	7360000	8.30901532473395
chr16	7640000	7680000	7.422287538051848
chr16	7680000	7720000	8.374903999536404
chr16	7720000	7760000	8.723035701462058
chr16	7880000	7920000	9.556008742450764
chr16	78840000	78880000	7.856304623985201
chr16	78920000	78960000	10.570695764717494
chr16	79000000	79040000	7.596340135068887
chr16	79160000	79200000	8.819115966346212
chr16	79320000	79360000	8.568617664060417
chr16	79480000	79520000	7.090371443126659
chr16	80160000	80200000	7.882939093027192
chr16	80280000	80320000	7.946602136774246
chr16	80400000	80440000	8.772917427317353
chr16	80480000	80520000	10.083650613326542
chr16	80520000	80560000	8.362738576793857
chr16	80600000	80640000	8.10386734003868
chr16	8080000	8120000	11.830084881864936
chr16	86520000	86560000	8.084236095023517
chr16	87320000	87360000	8.419986469858662
chr16	89240000	89280000	8.79641935488982
chr16	89880000	89920000	9.778414408310633
chr16	89920000	89960000	7.670795896372653
chr16	89960000	90000000	7.8228771488808695
chr17	1000000	1040000	9.573288285495574
chr17	1040000	1080000	7.0795109933660445
chr17	1080000	1120000	10.046935086261506
chr17	1120000	1160000	9.898420064190383
chr17	11320000	11360000	7.446192514122767
chr17	11440000	11480000	7.066037136503057
chr17	11560000	11600000	7.03100362666033
chr17	1440000	1480000	7.189517725932469
chr17	18080000	18120000	7.968723777035044
chr17	21560000	21600000	9.463459204377708
chr17	28320000	28360000	7.829617224119331
chr17	28880000	28920000	7.579231332670608
chr17	41720000	41760000	7.241927594899262
chr17	5120000	5160000	7.762515144623443
chr17	720000	760000	7.6493985088380505
chr17	81200000	81240000	7.224814619695673
chr17	81680000	81720000	9.111144843353662
chr17	81960000	82000000	7.9861491427754006
chr17	82080000	82120000	7.626152076517551
chr17	82280000	82320000	7.362680893095907
chr17	82360000	82400000	7.656957485050804
chr18	11520000	11560000	7.154781194767256
chr18	11600000	11640000	8.206184654407451
chr18	14160000	14200000	7.671546075455412
chr18	14400000	14440000	8.261162596093289
chr18	15000000	15040000	7.003335942358241
chr18	1800000	1840000	7.254317966223612
chr18	2240000	2280000	7.132005252034836
chr18	2680000	2720000	12.127553250155602
chr18	2840000	2880000	7.153203591263553
chr18	30160000	30200000	9.100852395458533
chr18	52520000	52560000	7.171996034612509
chr18	52560000	52600000	7.4015088603674375
chr18	52600000	52640000	8.099389127876325
chr18	70120000	70160000	7.827743125467764
chr18	71680000	71720000	8.95614168334566
chr18	72600000	72640000	7.818488838057027
chr18	72680000	72720000	8.63026207494962
chr18	74560000	74600000	8.76133591353354
chr18	77960000	78000000	8.59414555195209
chr18	78160000	78200000	7.857631923800159
chr18	78200000	78240000	9.2742965980556
chr18	78320000	78360000	8.363016741638312
chr18	78400000	78440000	7.063951435381363
chr18	79040000	79080000	7.751500833883518
chr18	79320000	79360000	9.471832398514627
chr18	79680000	79720000	10.37642219360632
chr18	79720000	79760000	7.022956581212744
chr18	79840000	79880000	7.078089269481988
chr19	1360000	1400000	9.519307847985687
chr19	15640000	15680000	8.912739260533273
chr19	15800000	15840000	7.399464835289932
chr19	19960000	20000000	9.249868884756392
chr19	20360000	20400000	7.212313549342734
chr19	23440000	23480000	10.86074780426027
chr19	23480000	23520000	8.485261490117912
chr19	23600000	23640000	7.587562550723286
chr19	24200000	24240000	8.432372274552753
chr19	27840000	27880000	8.897150560395444
chr19	27880000	27920000	8.16484180632826
chr19	29400000	29440000	7.031532562652751
chr19	32600000	32640000	9.716736245981926
chr19	36680000	36720000	8.162128857041148
chr19	36720000	36760000	7.145976534497294
chr19	36760000	36800000	7.018883553983789
chr19	36840000	36880000	7.075093488031771
chr19	36920000	36960000	7.305366334157499
chr19	37080000	37120000	7.647627963989684
chr19	37520000	37560000	7.378080727274441
chr19	37720000	37760000	8.317470541182464
chr19	5240000	5280000	7.2084347147244285
chr19	57040000	57080000	9.801124210655436
chr19	57120000	57160000	10.412379954625386
chr19	58320000	58360000	9.694576879469931
chr19	8880000	8920000	8.22392561043355
chr1	108600000	108640000	7.143488981801751
chr1	108640000	108680000	7.605986915595287
chr1	110840000	110880000	8.35642132532801
chr1	111000000	111040000	7.022622664297821
chr1	111440000	111480000	7.858057362153089
chr1	116960000	117000000	9.924628297247297
chr1	1320000	1360000	9.47822407426923
chr1	147120000	147160000	8.369752576893154
chr1	14920000	14960000	10.0829328736726
chr1	150520000	150560000	7.5627590276589585
chr1	152240000	152280000	8.828584691412017
chr1	152400000	152440000	10.188718992222539
chr1	152480000	152520000	7.528630123336559
chr1	152520000	152560000	12.205695230602592
chr1	152720000	152760000	8.968945366912433
chr1	153280000	153320000	7.169325928601648
chr1	154560000	154600000	7.9554167109712814
chr1	1680000	1720000	8.080319598511387
chr1	19320000	19360000	9.400771538759466
chr1	21560000	21600000	7.794869852425281
chr1	224440000	224480000	8.186970839807191
chr1	225040000	225080000	7.3909771036666205
chr1	227520000	227560000	7.060286953367423
chr1	228240000	228280000	9.856104647128536
chr1	228280000	228320000	8.944388005491623
chr1	228320000	228360000	8.968714741799637
chr1	238160000	238200000	8.074461381270433
chr1	2440000	2480000	7.4413902905843985
chr1	2840000	2880000	10.815017539579127
chr1	29600000	29640000	9.458475067641217
chr1	30080000	30120000	9.203919404274533
chr1	37120000	37160000	7.168203508445647
chr1	3920000	3960000	7.513419728685119
chr1	40000000	40040000	7.242564657559463
chr1	4000000	4040000	8.646374255300971
chr1	4040000	4080000	7.3779313079291295
chr1	40520000	40560000	7.267789011958959
chr1	4080000	4120000	7.694863234278767
chr1	4120000	4160000	7.156626055670098
chr1	4160000	4200000	9.9344283013163
chr1	4200000	4240000	13.411423800593376
chr1	4240000	4280000	7.299100177756636
chr1	4280000	4320000	9.43294748558643
chr1	4320000	4360000	8.493964554580181
chr1	4440000	4480000	10.366538621617348
chr1	4560000	4600000	7.52023784045211
chr1	4600000	4640000	9.167319800490473
chr1	4680000	4720000	11.99150391565585
chr1	4720000	4760000	12.382958384219089
chr1	4760000	4800000	7.9354596448189065
chr1	4800000	4840000	7.5695901528017595
chr1	48320000	48360000	8.449270476190591
chr1	4840000	4880000	7.1638885424074825
chr1	48440000	48480000	8.891155229061459
chr1	49160000	49200000	8.690667927199707
chr1	49280000	49320000	7.604786062061389
chr1	49360000	49400000	9.049316810368786
chr1	49520000	49560000	10.173469847318273
chr1	4960000	5000000	9.306189180459373
chr1	49720000	49760000	8.63773936819934
chr1	5000000	5040000	7.48088484893332
chr1	5080000	5120000	10.94226142828625
chr1	51240000	51280000	9.276398387799363
chr1	5160000	5200000	10.137179861313776
chr1	51760000	51800000	9.091215486318118
chr1	51800000	51840000	7.093994853306537
chr1	52040000	52080000	7.130610788463414
chr1	5240000	5280000	7.533159732859045
chr1	5280000	5320000	9.036820083045825
chr1	5320000	5360000	8.091123131699545
chr1	5360000	5400000	12.03566427965935
chr1	5400000	5440000	10.907557451223703
chr1	5440000	5480000	8.958427088506802
chr1	5480000	5520000	9.415639620087534
chr1	5520000	5560000	9.141435554376882
chr1	95760000	95800000	8.490303672553345
chr1	99800000	99840000	7.872694731336303
chr20	15680000	15720000	7.698347826382992
chr20	16400000	16440000	7.609836576923296
chr20	30360000	30400000	7.0584409619092785
chr20	42080000	42120000	13.314163380784226
chr20	42120000	42160000	9.16936393152459
chr20	42200000	42240000	7.520784018210662
chr20	42480000	42520000	8.508039505961637
chr20	42720000	42760000	9.99343178336446
chr20	42760000	42800000	10.437151768268082
chr20	42800000	42840000	8.149730596853711
chr20	42840000	42880000	9.633444236798919
chr20	42880000	42920000	10.14166687215818
chr20	42960000	43000000	12.155715360531714
chr20	43280000	43320000	7.8574980242807575
chr20	43400000	43440000	9.192161540378542
chr20	43480000	43520000	8.17377172769421
chr20	52600000	52640000	7.843691745156972
chr20	54720000	54760000	7.911318626762919
chr20	55000000	55040000	7.240597718229456
chr20	55080000	55120000	9.845751766903543
chr20	55800000	55840000	10.941605739069672
chr20	55920000	55960000	8.40176824556271
chr20	55960000	56000000	8.353030938680696
chr20	59680000	59720000	9.27030465355188
chr20	59800000	59840000	9.804722738344537
chr20	59920000	59960000	7.913312684053364
chr20	60320000	60360000	8.790434094137312
chr20	60960000	61000000	7.759439387422668
chr20	61160000	61200000	7.931069975805171
chr20	61200000	61240000	9.599263948219221
chr20	61920000	61960000	7.9100550929523745
chr20	62200000	62240000	7.3031018338022875
chr20	62280000	62320000	7.7441699249182365
chr21	13200000	13240000	7.927221917751826
chr21	13920000	13960000	8.303184067876085
chr21	19280000	19320000	7.101606600339072
chr21	19440000	19480000	7.209443963924465
chr21	22160000	22200000	7.339579496804237
chr21	22680000	22720000	9.675313577241312
chr21	23080000	23120000	8.412389246987107
chr21	24040000	24080000	9.544659814436166
chr21	24080000	24120000	7.860785775910666
chr21	24240000	24280000	7.371360781350376
chr21	24320000	24360000	10.44799004643265
chr21	24360000	24400000	7.469025291480966
chr21	41200000	41240000	7.620995819331895
chr21	9880000	9920000	7.125329040373749
chr22	16680000	16720000	7.69783831514938
chr22	20080000	20120000	7.187085399805306
chr22	33240000	33280000	7.519943801271949
chr22	33400000	33440000	8.96483870025486
chr22	33520000	33560000	8.926272109468911
chr22	34240000	34280000	8.719571232353491
chr22	42120000	42160000	7.874469143974823
chr22	42560000	42600000	8.321642008836701
chr22	47200000	47240000	11.220487432538087
chr22	47360000	47400000	8.307082557472826
chr22	47400000	47440000	8.05384728227409
chr22	47600000	47640000	8.134057371313856
chr22	48120000	48160000	10.255489686544287
chr22	48240000	48280000	10.396338776644711
chr22	48280000	48320000	9.199240062069668
chr22	48400000	48440000	10.064646183125758
chr22	48440000	48480000	8.613720263876981
chr22	48480000	48520000	9.811720745909613
chr22	48520000	48560000	9.296585599815684
chr22	48560000	48600000	11.852901795990324
chr22	48600000	48640000	12.153054755470315
chr22	48640000	48680000	11.185989720764306
chr22	48680000	48720000	9.222089071994237
chr22	48720000	48760000	8.101709890910259
chr22	48760000	48800000	7.7136656738424625
chr22	48800000	48840000	8.975072766713726
chr22	48880000	48920000	8.580765430014496
chr22	48920000	48960000	7.8507627538586
chr22	49000000	49040000	8.817622959328588
chr22	49040000	49080000	7.052806708997141
chr22	49160000	49200000	7.0224270184393465
chr22	49200000	49240000	7.083270545103178
chr22	49240000	49280000	7.367373743123998
chr22	49280000	49320000	7.281466188084003
chr22	49560000	49600000	7.231992148072178
chr22	49720000	49760000	10.75978139436821
chr22	50160000	50200000	7.8811857272517685
chr2	103040000	103080000	11.267725886045113
chr2	10680000	10720000	9.402307201491018
chr2	112960000	113000000	8.62442876055565
chr2	113560000	113600000	7.309297057032612
chr2	1160000	1200000	8.936610745879248
chr2	116560000	116600000	9.377276478522132
chr2	116640000	116680000	7.9646601881172225
chr2	126080000	126120000	7.871486554819572
chr2	126280000	126320000	8.678083310431083
chr2	126440000	126480000	7.758405895274836
chr2	127080000	127120000	7.076468405463356
chr2	131040000	131080000	8.868294439650567
chr2	134920000	134960000	9.78827981971266
chr2	143960000	144000000	7.938677961724311
chr2	159160000	159200000	7.2455743690783185
chr2	17360000	17400000	7.941365531215353
chr2	17400000	17440000	9.175517201873156
chr2	1800000	1840000	8.334115588653281
chr2	191440000	191480000	7.757071363762366
chr2	191480000	191520000	10.647818208435686
chr2	196800000	196840000	8.569756016032786
chr2	202560000	202600000	9.200380168626694
chr2	232560000	232600000	8.107740102849322
chr2	232680000	232720000	7.376349435806548
chr2	233320000	233360000	7.651480327977594
chr2	237880000	237920000	9.35192393564525
chr2	238000000	238040000	7.171895184912508
chr2	238160000	238200000	7.89623759637447
chr2	240000000	240040000	9.374911778970572
chr2	240200000	240240000	8.725330853393295
chr2	240480000	240520000	9.545834660364372
chr2	240760000	240800000	8.211035002093817
chr2	241200000	241240000	8.332537314911525
chr2	2480000	2520000	8.174065462828889
chr2	2600000	2640000	7.346806652280402
chr2	28400000	28440000	7.468195437089088
chr2	28440000	28480000	7.652750365893924
chr2	28480000	28520000	8.102687885336788
chr2	30240000	30280000	9.80694038153162
chr2	32240000	32280000	7.355531553100825
chr2	32320000	32360000	7.4192106856141296
chr2	32360000	32400000	7.790350198481122
chr2	32440000	32480000	7.195438410798893
chr2	3360000	3400000	7.897835045389444
chr2	33880000	33920000	7.083508472995356
chr2	3440000	3480000	7.032683669415923
chr2	3480000	3520000	7.816292704046968
chr2	42760000	42800000	7.111376574148451
chr2	4760000	4800000	7.158206197290987
chr2	5080000	5120000	7.855516479328923
chr2	52200000	52240000	8.273139691643792
chr2	52240000	52280000	7.464944652514522
chr2	54120000	54160000	9.501011472705525
chr2	61240000	61280000	7.221118190190787
chr2	81480000	81520000	9.015240234908232
chr2	81800000	81840000	7.151174813323988
chr2	82320000	82360000	9.11447434521534
chr2	82480000	82520000	7.816950439342054
chr2	85320000	85360000	10.847047872044582
chr2	85600000	85640000	10.422883658728557
chr2	86400000	86440000	7.050763358615736
chr2	86440000	86480000	7.787238704524976
chr2	90040000	90080000	8.045941792710071
chr2	90080000	90120000	7.7814308314002325
chr2	9360000	9400000	8.106223630285246
chr2	98040000	98080000	8.34813839417458
chr2	98560000	98600000	7.391236420689178
chr2	98600000	98640000	7.535046433839345
chr3	105960000	106000000	8.806824251811316
chr3	106080000	106120000	8.260943874037597
chr3	11520000	11560000	7.364539271071327
chr3	127000000	127040000	8.808200332805226
chr3	127560000	127600000	8.761301912364527
chr3	128520000	128560000	7.7302897810402
chr3	128880000	128920000	7.524594073556218
chr3	129320000	129360000	9.359318738717418
chr3	133360000	133400000	7.586272094220591
chr3	133400000	133440000	8.385800010964479
chr3	13920000	13960000	9.095093862516338
chr3	14000000	14040000	8.099215862594164
chr3	143080000	143120000	8.06525569204577
chr3	175640000	175680000	9.98115875646443
chr3	17720000	17760000	7.9126170128122375
chr3	191720000	191760000	7.257911932231202
chr3	195960000	196000000	7.203324305413218
chr3	196520000	196560000	7.2038129075365065
chr3	20080000	20120000	9.016849159145623
chr3	2040000	2080000	8.402419598688798
chr3	2160000	2200000	7.746071556773008
chr3	33840000	33880000	11.463211200719645
chr3	36960000	37000000	7.412953155778513
chr3	44960000	45000000	8.11547004707619
chr3	45000000	45040000	8.705309091199787
chr3	47280000	47320000	8.549876445889588
chr3	47400000	47440000	8.332429227697792
chr3	47480000	47520000	7.721330981570902
chr3	47840000	47880000	9.145906742867208
chr3	48600000	48640000	7.322207618014839
chr3	48640000	48680000	9.680082452624182
chr3	49680000	49720000	11.150042631794665
chr3	51360000	51400000	8.214516934690778
chr3	51440000	51480000	8.665979639764522
chr3	51680000	51720000	7.478621828960391
chr3	5520000	5560000	11.054622934552057
chr3	5760000	5800000	8.460254523419385
chr3	57920000	57960000	7.245505914138398
chr3	5800000	5840000	8.868997946487395
chr3	58120000	58160000	7.179840472065713
chr3	58280000	58320000	7.11699096050349
chr3	5840000	5880000	7.941704572683551
chr3	6240000	6280000	9.857394866954367
chr3	6320000	6360000	7.287213420887983
chr3	6360000	6400000	7.464950135111022
chr3	6400000	6440000	8.025303403664715
chr3	6440000	6480000	8.00847646429075
chr3	6480000	6520000	7.209934675100132
chr3	6640000	6680000	7.145432509646227
chr3	73120000	73160000	7.355581796558215
chr3	73840000	73880000	7.9484513020806515
chr3	74120000	74160000	7.5523829538375225
chr3	75320000	75360000	12.411399810649483
chr3	78640000	78680000	7.338985345446925
chr3	88000000	88040000	8.192922070127343
chr3	90200000	90240000	7.8475591404339875
chr3	94320000	94360000	7.252155202369933
chr3	94360000	94400000	7.096169037728847
chr3	94480000	94520000	8.394814748680558
chr3	94840000	94880000	7.502055907565452
chr3	96280000	96320000	7.040942261506468
chr4	1000000	1040000	7.11775341651788
chr4	10080000	10120000	7.989477689727671
chr4	107960000	108000000	7.123275822606408
chr4	1200000	1240000	7.234787528729532
chr4	1240000	1280000	7.904600254964826
chr4	145160000	145200000	8.505213120552511
chr4	15520000	15560000	7.011496422897038
chr4	159760000	159800000	9.254867477988332
chr4	160280000	160320000	8.513360273467624
chr4	1640000	1680000	9.640392323998707
chr4	1760000	1800000	7.123423740057407
chr4	182840000	182880000	10.208071071238095
chr4	188480000	188520000	7.512301675265237
chr4	188680000	188720000	8.44654673297176
chr4	188720000	188760000	9.114072694289613
chr4	2040000	2080000	7.013056582880552
chr4	2680000	2720000	7.4656156818565655
chr4	3040000	3080000	10.04423147317835
chr4	3120000	3160000	8.33139847892012
chr4	3480000	3520000	9.939941171023692
chr4	3600000	3640000	7.0731806544524325
chr4	43200000	43240000	7.628069759003378
chr4	43440000	43480000	7.255492453291935
chr4	53360000	53400000	7.882578260953576
chr4	560000	600000	7.581434105135286
chr4	63040000	63080000	8.199813586308682
chr4	72080000	72120000	7.371923487837527
chr4	78920000	78960000	7.771475497874509
chr4	800000	840000	9.389653153251524
chr4	880000	920000	7.676541521416419
chr4	8920000	8960000	7.594798264627646
chr4	8960000	9000000	7.911285262516795
chr4	960000	1000000	7.784388951098609
chr4	9720000	9760000	7.199366358729678
chr5	123000000	123040000	7.529797479690045
chr5	131400000	131440000	7.666392526930378
chr5	131440000	131480000	7.10797194905926
chr5	132560000	132600000	9.162255443207897
chr5	133960000	134000000	7.750391987674557
chr5	134960000	135000000	7.2999569791295125
chr5	135400000	135440000	8.527619064659653
chr5	135760000	135800000	13.145260348431384
chr5	138000000	138040000	8.080039021674189
chr5	138920000	138960000	8.700027892724988
chr5	161400000	161440000	7.752514305191731
chr5	162520000	162560000	9.12077562366452
chr5	177440000	177480000	7.512742481743044
chr5	177480000	177520000	8.272651273743044
chr5	178240000	178280000	10.163695315894737
chr5	178280000	178320000	9.409729278859064
chr5	178400000	178440000	7.073876271930307
chr5	178960000	179000000	11.805529335844623
chr5	179280000	179320000	7.471144618786528
chr5	179400000	179440000	7.1291759982603775
chr5	179440000	179480000	7.811728709771271
chr5	180120000	180160000	7.157879148231532
chr5	180240000	180280000	9.97954141810774
chr5	180520000	180560000	7.264075543505451
chr5	180840000	180880000	8.283138786989596
chr5	2640000	2680000	7.008556089945309
chr5	2680000	2720000	8.84256654264548
chr5	3080000	3120000	10.403245927118515
chr5	3400000	3440000	8.63168135922767
chr5	3440000	3480000	7.586613862111948
chr5	3480000	3520000	9.021134435669524
chr5	3560000	3600000	8.715733048807019
chr5	3600000	3640000	10.918908754400242
chr5	3640000	3680000	12.53438944159075
chr5	3720000	3760000	8.1196124513997
chr5	3800000	3840000	10.749502235525787
chr5	3840000	3880000	7.95078526576489
chr5	3880000	3920000	7.1629980319748165
chr5	3920000	3960000	9.793567954384919
chr5	4040000	4080000	7.842221340404904
chr5	4080000	4120000	9.849726696283383
chr5	4120000	4160000	8.471778606884259
chr5	4200000	4240000	10.398567471700428
chr5	4240000	4280000	10.993404450048397
chr5	4280000	4320000	7.927224878788749
chr5	4320000	4360000	11.001342187642095
chr5	4360000	4400000	9.788749980265813
chr5	4400000	4440000	8.49688327102439
chr5	4440000	4480000	8.846337869075246
chr5	4480000	4520000	8.680282403004501
chr5	4520000	4560000	7.568295882274187
chr5	4600000	4640000	7.681796068786043
chr5	4720000	4760000	7.084207778238901
chr5	4760000	4800000	7.658495687372468
chr5	50880000	50920000	7.406191386637786
chr5	53200000	53240000	7.764487638460145
chr5	5400000	5440000	7.2668225301510425
chr5	56200000	56240000	7.6622821262306475
chr5	57960000	58000000	7.332031919943005
chr5	65800000	65840000	7.317448569969543
chr5	67640000	67680000	7.28140884249814
chr5	68080000	68120000	7.947999550652669
chr5	68240000	68280000	7.627695495426173
chr5	75560000	75600000	7.402856004243509
chr5	79800000	79840000	7.804276482972162
chr5	97240000	97280000	7.442066917270307
chr5	98800000	98840000	7.3887000008461285
chr6	109840000	109880000	7.711245138399433
chr6	110960000	111000000	7.18262615385733
chr6	118840000	118880000	7.150374466702088
chr6	124800000	124840000	7.920271162096647
chr6	145840000	145880000	9.022060734028623
chr6	151360000	151400000	8.316118731604638
chr6	160080000	160120000	8.931031766235076
chr6	16200000	16240000	9.404807023670957
chr6	16240000	16280000	8.169733479851269
chr6	16280000	16320000	8.131089680612966
chr6	163240000	163280000	7.194227981907399
chr6	163560000	163600000	7.987764998030888
chr6	163600000	163640000	8.306931868049407
chr6	163680000	163720000	9.663414269496236
chr6	165200000	165240000	7.188227606343997
chr6	168920000	168960000	8.570891154586343
chr6	169120000	169160000	8.619090761312334
chr6	169200000	169240000	9.765353306650308
chr6	169240000	169280000	8.993849942298297
chr6	169280000	169320000	10.430335642758497
chr6	169400000	169440000	8.650058558232656
chr6	169440000	169480000	8.491821315192478
chr6	170080000	170120000	7.426153375809706
chr6	440000	480000	7.378666374439491
chr6	58000000	58040000	8.206865184693857
chr6	6600000	6640000	8.924533712840127
chr6	66200000	66240000	8.34376138659373
chr6	66240000	66280000	7.523521721675342
chr6	66280000	66320000	7.1618486799487915
chr6	67880000	67920000	8.138748320289498
chr6	67960000	68000000	7.113611471360019
chr6	77480000	77520000	9.961385100358177
chr6	77600000	77640000	7.080868475517835
chr6	77640000	77680000	7.351184005514315
chr6	77800000	77840000	7.837192656559843
chr6	77960000	78000000	7.1932713146506115
chr6	8000000	8040000	8.495832271058264
chr6	8080000	8120000	7.764941599506629
chr6	87000000	87040000	13.11740030466744
chr6	88320000	88360000	7.767731106669309
chr6	88560000	88600000	7.655950555407022
chr6	93280000	93320000	8.1737296479724
chr6	93320000	93360000	7.233471616918135
chr7	106240000	106280000	7.186812794040715
chr7	126040000	126080000	7.122377131669978
chr7	145360000	145400000	7.5729463401436785
chr7	145440000	145480000	7.436193344104751
chr7	145480000	145520000	7.444073581833153
chr7	145560000	145600000	7.64187587154529
chr7	145600000	145640000	10.654178267881866
chr7	145680000	145720000	8.479451189717896
chr7	145720000	145760000	10.940324975436662
chr7	145760000	145800000	7.37259151361352
chr7	145840000	145880000	9.048063948748881
chr7	147120000	147160000	7.0678466715119415
chr7	147360000	147400000	8.641678835058551
chr7	147760000	147800000	7.136138856618444
chr7	148080000	148120000	7.5174370251402385
chr7	148200000	148240000	7.579571597985967
chr7	149480000	149520000	8.445201913244263
chr7	152160000	152200000	8.860440093167671
chr7	152760000	152800000	7.463008305818104
chr7	153160000	153200000	8.544560641627491
chr7	153200000	153240000	7.109544859520785
chr7	153280000	153320000	8.956389617970913
chr7	153360000	153400000	13.316296736732404
chr7	153440000	153480000	10.361375610129027
chr7	153480000	153520000	8.934406440660057
chr7	153520000	153560000	10.339053757233716
chr7	153600000	153640000	8.187636476229782
chr7	153640000	153680000	8.938663081443357
chr7	153720000	153760000	8.371625138962798
chr7	153760000	153800000	7.58895461524934
chr7	153960000	154000000	7.674483508641224
chr7	154120000	154160000	9.739094384773377
chr7	154200000	154240000	11.900333685503973
chr7	154240000	154280000	9.86287207464502
chr7	154280000	154320000	10.172621468671602
chr7	154360000	154400000	8.581567758453621
chr7	154440000	154480000	7.008760312588483
chr7	154560000	154600000	10.320145520578652
chr7	154640000	154680000	8.2930864295321
chr7	154680000	154720000	9.78380798603772
chr7	154800000	154840000	8.296379894859642
chr7	155760000	155800000	9.965951940395335
chr7	155840000	155880000	11.62077549882104
chr7	156000000	156040000	9.334931648393418
chr7	157400000	157440000	7.465108777190986
chr7	157720000	157760000	8.340117731538744
chr7	157800000	157840000	8.516061997871939
chr7	157840000	157880000	9.1209140396696
chr7	157880000	157920000	7.612375294926196
chr7	157920000	157960000	7.746163563382164
chr7	157960000	158000000	10.817401486120277
chr7	158000000	158040000	8.566618168788741
chr7	158040000	158080000	9.924027473383823
chr7	158120000	158160000	8.87071374532489
chr7	158160000	158200000	8.412809824345509
chr7	158240000	158280000	7.6140611705226675
chr7	16240000	16280000	9.239606294961394
chr7	16360000	16400000	7.7934596245516525
chr7	16440000	16480000	7.661137442121931
chr7	16600000	16640000	7.229345769988076
chr7	17360000	17400000	7.754685363861736
chr7	1920000	1960000	7.428587230662079
chr7	2360000	2400000	8.944720683655651
chr7	44640000	44680000	7.4069745027534495
chr7	44680000	44720000	7.197566986655701
chr7	45000000	45040000	9.0941195686055
chr7	45880000	45920000	8.042159664065249
chr7	4680000	4720000	8.639313776941068
chr7	4800000	4840000	7.392313238820836
chr7	48800000	48840000	7.704699923545852
chr7	4880000	4920000	9.564244010236177
chr7	53720000	53760000	7.660028094811103
chr7	54360000	54400000	9.927956058219946
chr7	54440000	54480000	7.3742412289643715
chr7	54480000	54520000	7.0254709130745265
chr7	55760000	55800000	8.093279054248965
chr7	55800000	55840000	9.09444278184168
chr7	55840000	55880000	7.850191101300827
chr7	56280000	56320000	7.159674480542368
chr7	56320000	56360000	8.122149702146826
chr7	56400000	56440000	7.1220002241944735
chr7	56440000	56480000	8.51210000009803
chr7	56480000	56520000	8.760143077844143
chr7	56520000	56560000	7.104017307609747
chr7	56760000	56800000	7.075765324704971
chr7	56840000	56880000	7.851892329913786
chr7	57160000	57200000	7.0157480422619285
chr7	57240000	57280000	7.345758920834752
chr7	57320000	57360000	10.14657616243746
chr7	57360000	57400000	12.95974311529031
chr7	63040000	63080000	7.726220118125223
chr7	63080000	63120000	7.731802097876788
chr7	63880000	63920000	9.88521173170899
chr7	64000000	64040000	9.595197385533078
chr7	64040000	64080000	9.535700026256936
chr7	64080000	64120000	12.065934518366813
chr7	64240000	64280000	10.543875480940773
chr7	64400000	64440000	10.315696026962746
chr7	64440000	64480000	10.643321852667148
chr7	64560000	64600000	7.071607613222038
chr7	64720000	64760000	8.193813322229046
chr7	64760000	64800000	7.361758272548071
chr7	64840000	64880000	7.781704722094989
chr7	67360000	67400000	7.025863950942443
chr7	67480000	67520000	8.257924525912427
chr7	67560000	67600000	10.738510756253357
chr7	67600000	67640000	10.263743298076717
chr7	67640000	67680000	7.379463026943654
chr7	67760000	67800000	9.974436020922472
chr7	67800000	67840000	13.08718090186293
chr7	67880000	67920000	7.386928714962242
chr7	67920000	67960000	7.2983180049063066
chr7	68040000	68080000	9.037037619268725
chr7	68080000	68120000	12.875538510687578
chr7	68120000	68160000	10.746906179482124
chr7	68160000	68200000	12.910246543232837
chr7	68200000	68240000	9.787695072087525
chr7	68240000	68280000	10.175441038458828
chr7	68280000	68320000	8.425582620694069
chr7	68320000	68360000	14.542061574567368
chr7	68360000	68400000	9.341946322786162
chr7	68440000	68480000	7.655599470476428
chr7	68480000	68520000	10.399271726767743
chr7	68520000	68560000	11.864294686643175
chr7	68600000	68640000	7.664015744794022
chr7	68640000	68680000	11.230705335505538
chr7	68720000	68760000	7.806431470733238
chr7	68760000	68800000	7.105273156676389
chr7	68840000	68880000	10.975609854094463
chr7	68920000	68960000	7.835526947784233
chr7	69120000	69160000	10.339352554220216
chr7	69240000	69280000	9.232404816110543
chr7	69280000	69320000	8.872335374705674
chr7	69320000	69360000	7.554031017288332
chr7	94800000	94840000	7.461458314804447
chr7	99360000	99400000	9.1057945837134
chr8	100520000	100560000	7.172081816471898
chr8	120920000	120960000	7.8322729900412975
chr8	133440000	133480000	8.127385395159893
chr8	133480000	133520000	9.367649089474972
chr8	134320000	134360000	7.2072877175388435
chr8	134960000	135000000	7.484120544036427
chr8	137640000	137680000	8.597020979073706
chr8	137680000	137720000	11.754209749791233
chr8	137760000	137800000	10.013793586361237
chr8	137800000	137840000	7.846546717180653
chr8	137840000	137880000	9.71426237702611
chr8	137920000	137960000	11.359199393449972
chr8	138000000	138040000	9.922573651003637
chr8	138080000	138120000	7.5797532279533755
chr8	138120000	138160000	10.09716675232306
chr8	138160000	138200000	8.019678053507077
chr8	138200000	138240000	9.348989872175544
chr8	138240000	138280000	7.232617560488995
chr8	138280000	138320000	7.318196378622018
chr8	138480000	138520000	8.922667017071714
chr8	138560000	138600000	9.220974335276347
chr8	138600000	138640000	8.711756569172161
chr8	138640000	138680000	7.2390697195732105
chr8	138720000	138760000	7.188810487140257
chr8	138800000	138840000	8.937980148251011
chr8	138840000	138880000	8.832035683052045
chr8	139000000	139040000	7.664954737033442
chr8	139160000	139200000	10.228274610433264
chr8	139200000	139240000	8.414974730866737
chr8	139240000	139280000	8.542208748271994
chr8	139280000	139320000	8.846626007271114
chr8	139320000	139360000	10.82489143270464
chr8	139360000	139400000	9.561149827257132
chr8	139440000	139480000	13.270640579808596
chr8	139480000	139520000	7.15902161803
chr8	140640000	140680000	7.08954311920714
chr8	140920000	140960000	7.0396718355660886
chr8	141800000	141840000	8.010343464239233
chr8	141840000	141880000	10.322511807927194
chr8	142000000	142040000	8.384586856250131
chr8	142200000	142240000	9.117139991816149
chr8	142680000	142720000	8.374816603701444
chr8	143720000	143760000	8.02805035030826
chr8	143800000	143840000	12.26501341710352
chr8	143840000	143880000	7.025767593856844
chr8	143880000	143920000	7.968589931618865
chr8	144240000	144280000	7.738014700099522
chr8	144280000	144320000	7.024158793949536
chr8	144400000	144440000	7.87089397598554
chr8	144520000	144560000	9.714474094506947
chr8	21520000	21560000	8.025454020045085
chr8	2640000	2680000	9.207090511606193
chr8	2880000	2920000	8.606609627946316
chr8	3000000	3040000	10.411888221966036
chr8	3040000	3080000	11.037570239637096
chr8	3120000	3160000	10.592281851125447
chr8	3200000	3240000	8.936144591201558
chr8	3240000	3280000	8.320230739233331
chr8	3280000	3320000	11.87910728906698
chr8	3360000	3400000	9.48773975601152
chr8	3400000	3440000	7.836390034814526
chr8	3440000	3480000	8.179136941072676
chr8	3480000	3520000	7.062608703571321
chr8	3520000	3560000	7.380950737501005
chr8	3560000	3600000	8.094874905563518
chr8	3600000	3640000	7.776978355695162
chr8	3640000	3680000	9.881988545905905
chr8	3680000	3720000	7.143165012000833
chr8	3760000	3800000	11.315778170400733
chr8	3800000	3840000	7.162350052359063
chr8	3840000	3880000	9.030664781774727
chr8	3920000	3960000	7.529816863280674
chr8	4240000	4280000	8.95632443536269
chr8	43120000	43160000	7.491536105721853
chr8	43160000	43200000	9.399770065167845
chr8	43200000	43240000	8.615187285659307
chr8	4320000	4360000	7.600736715326932
chr8	43240000	43280000	7.789425087117682
chr8	43280000	43320000	12.203389729944375
chr8	43320000	43360000	9.813635140827195
chr8	43400000	43440000	11.221619897854216
chr8	4360000	4400000	8.082984498052635
chr8	46080000	46120000	7.436619678790087
chr8	46120000	46160000	7.561006993233177
chr8	46200000	46240000	7.4507741982592535
chr8	46240000	46280000	7.421706689392887
chr8	46400000	46440000	7.698749352730593
chr8	4640000	4680000	9.096323099291821
chr8	46560000	46600000	8.855736993848963
chr8	46680000	46720000	7.3839570951694675
chr8	46760000	46800000	8.045578870369505
chr8	4720000	4760000	10.645797019224927
chr8	47640000	47680000	7.296551526516602
chr8	4920000	4960000	7.654751235045247
chr8	51560000	51600000	9.659198080318236
chr8	53360000	53400000	7.751262249427617
chr8	53400000	53440000	7.661812353965304
chr8	54080000	54120000	7.264183189938268
chr8	57040000	57080000	7.311213577622263
chr8	58400000	58440000	9.822535255886423
chr8	97000000	97040000	7.59259526962755
chr8	97040000	97080000	7.857453039801682
chr9	103520000	103560000	9.56877573776966
chr9	10880000	10920000	9.9041499086458
chr9	114040000	114080000	8.513939334302156
chr9	129800000	129840000	8.688695582073724
chr9	131520000	131560000	7.173391960549218
chr9	133960000	134000000	7.768535480422878
chr9	134680000	134720000	7.092296089424392
chr9	135040000	135080000	11.876831777896369
chr9	136320000	136360000	8.207565200286902
chr9	136840000	136880000	7.836406921038568
chr9	137560000	137600000	10.385805548215703
chr9	137960000	138000000	7.947352774120425
chr9	16200000	16240000	7.360252919290113
chr9	29120000	29160000	7.287047897260837
chr9	30520000	30560000	8.919072830508162
chr9	6880000	6920000	7.333613462275424
chr9	69000000	69040000	7.008574571397588
chr9	81320000	81360000	8.22112636762074
chr9	83600000	83640000	7.46022087614958
chr9	93320000	93360000	7.267139129037827
chr9	93560000	93600000	7.972931550893718
chr9	93640000	93680000	10.69643953139699
chr9	94480000	94520000	9.004424586336242
chr9	95000000	95040000	8.424434022939938
chr9	95040000	95080000	8.247816881191905
chr9	96720000	96760000	7.44268544194184
chrX	105720000	105760000	7.0803158164517965
chrX	143760000	143800000	8.803406654892731
chrX	144480000	144520000	8.80768740161593
chrX	146440000	146480000	7.220422957434912
chrX	147000000	147040000	7.6103485299937965
chrX	147040000	147080000	7.023234905018477
chrX	147360000	147400000	7.236877535727992
chrX	151720000	151760000	8.17676035186404
chrX	151760000	151800000	10.342546057582114
chrX	154440000	154480000	10.595020080676036
chrX	48040000	48080000	7.37266892239148
chrX	55640000	55680000	8.744438005857532
chrX	55720000	55760000	8.139838056904297
chrX	66040000	66080000	7.846907025934465
chrX	69480000	69520000	10.116430366458614
chrX	74960000	75000000	8.427240214298322
chrX	75720000	75760000	7.150003611247088
chrX	76560000	76600000	8.494192602930964
chrX	81960000	82000000	7.494116625481716
chrY	11000000	11040000	8.3345293013231
chrY	19680000	19720000	7.0960924784367725
