Chr	Start	End	DCI_Score
chr10	102680000	102720000	7.344277199191786
chr10	103360000	103400000	7.285570455032753
chr10	115080000	115120000	7.003134208377571
chr10	118800000	118840000	8.435503575996599
chr10	119240000	119280000	7.355296714746264
chr10	119400000	119440000	7.234358437429585
chr10	119440000	119480000	8.000933413451605
chr10	119480000	119520000	7.372853279683379
chr10	119880000	119920000	8.564741829478319
chr10	124600000	124640000	9.257155672966144
chr10	125760000	125800000	8.138883652174728
chr10	127000000	127040000	9.703133553094238
chr10	128880000	128920000	7.980370363768969
chr10	128920000	128960000	8.250354835229642
chr10	128960000	129000000	8.613726649202567
chr10	130320000	130360000	7.298585360300316
chr10	130360000	130400000	10.267624916172817
chr10	130400000	130440000	7.511315346430215
chr10	130440000	130480000	9.2621212814242
chr10	130480000	130520000	7.561073385379045
chr10	130520000	130560000	10.163667102044617
chr10	130560000	130600000	7.472400888409245
chr10	130600000	130640000	9.902453638070211
chr10	130640000	130680000	10.692137978367803
chr10	130680000	130720000	8.828386901879528
chr10	130720000	130760000	10.925536365745973
chr10	130800000	130840000	10.054267450384225
chr10	130880000	130920000	10.153718947888548
chr10	131040000	131080000	11.094061627890536
chr10	131120000	131160000	8.186949228714875
chr10	131160000	131200000	7.1512880942915125
chr10	131200000	131240000	9.875794452149012
chr10	131240000	131280000	7.035918413255553
chr10	131280000	131320000	10.929100468766132
chr10	131560000	131600000	8.98391148999267
chr10	131600000	131640000	9.851106356371027
chr10	131640000	131680000	9.742548321052988
chr10	131680000	131720000	7.058297808841765
chr10	131760000	131800000	7.266504942609951
chr10	28640000	28680000	7.346851299106014
chr10	3160000	3200000	9.214540546298746
chr10	32040000	32080000	7.44245181012594
chr10	32160000	32200000	7.936587812173184
chr10	32200000	32240000	9.436619087528738
chr10	37040000	37080000	7.492473788781037
chr10	37120000	37160000	7.574799644552613
chr10	37200000	37240000	8.101398495020907
chr10	37280000	37320000	10.60214490746571
chr10	37400000	37440000	7.4042303548409345
chr10	37440000	37480000	14.624569573767548
chr10	37600000	37640000	8.850476701583275
chr10	37680000	37720000	10.688006587216556
chr10	37720000	37760000	7.689790994844512
chr10	37760000	37800000	8.359594968848594
chr10	37800000	37840000	11.866990555016727
chr10	38320000	38360000	8.579551976787236
chr10	42240000	42280000	7.944640168875457
chr10	42400000	42440000	7.831842932635876
chr10	42560000	42600000	8.23582197942835
chr10	43080000	43120000	9.712391334885556
chr10	43440000	43480000	11.88561095711023
chr10	43560000	43600000	8.278391993891635
chr10	43600000	43640000	7.961241369265706
chr10	45320000	45360000	7.091156133325155
chr10	49520000	49560000	7.352053902754037
chr10	5600000	5640000	9.462616412131798
chr10	5800000	5840000	8.332519099205385
chr10	58080000	58120000	8.534383636835871
chr10	67600000	67640000	7.467295247726918
chr10	69160000	69200000	7.321580657266095
chr10	73800000	73840000	8.28292867289681
chr10	79200000	79240000	7.259625892997934
chr10	84960000	85000000	7.694929068875765
chr10	85000000	85040000	8.8600075508362
chr10	85120000	85160000	9.734911618985286
chr10	85840000	85880000	8.63024621212123
chr10	87000000	87040000	8.265627229903481
chr10	920000	960000	7.470532311087023
chr11	102400000	102440000	7.613807705977947
chr11	11320000	11360000	7.627803974031908
chr11	114240000	114280000	8.417870099808352
chr11	1160000	1200000	9.09123970660062
chr11	117160000	117200000	7.4047159666456155
chr11	117280000	117320000	7.944927151904347
chr11	117320000	117360000	7.016831262756251
chr11	1200000	1240000	11.363066580730626
chr11	1240000	1280000	7.5019924796930635
chr11	130160000	130200000	8.254669952586243
chr11	1400000	1440000	10.575961201221627
chr11	1480000	1520000	7.940866894997921
chr11	1720000	1760000	7.629255505639024
chr11	2800000	2840000	7.77354009221892
chr11	34080000	34120000	7.036068848127036
chr11	34120000	34160000	9.513400562345561
chr11	4080000	4120000	10.623050063145687
chr11	4120000	4160000	8.372581955219388
chr11	4160000	4200000	10.296426220110797
chr11	42720000	42760000	7.108983169193177
chr11	42840000	42880000	8.085353760035089
chr11	46880000	46920000	7.080789899612075
chr11	48520000	48560000	9.429874276786602
chr11	49000000	49040000	11.836669453909302
chr11	49120000	49160000	12.260259219085064
chr11	49200000	49240000	9.620345009263776
chr11	49240000	49280000	7.72292976224096
chr11	49320000	49360000	11.108808386951516
chr11	49960000	50000000	9.063882366808032
chr11	50240000	50280000	7.500421433302435
chr11	50360000	50400000	8.754028836877179
chr11	50400000	50440000	7.297438399761182
chr11	50480000	50520000	7.794534737533722
chr11	50640000	50680000	10.421362640973864
chr11	520000	560000	7.150913147986393
chr11	54800000	54840000	7.26835355054745
chr11	54840000	54880000	7.097696254052704
chr11	54880000	54920000	7.883565790704608
chr11	54920000	54960000	12.878537164008176
chr11	55000000	55040000	9.220954834684019
chr11	55040000	55080000	7.481594336111096
chr11	55280000	55320000	7.800869462723206
chr11	55400000	55440000	7.817045187064475
chr11	56960000	57000000	7.438799252654707
chr11	60840000	60880000	7.0511718501664475
chr11	60920000	60960000	7.034672421950601
chr11	63720000	63760000	7.486803838483998
chr11	67720000	67760000	7.413879007525255
chr11	68400000	68440000	11.063820921636697
chr11	68440000	68480000	7.630068704852692
chr11	68520000	68560000	7.889978646600556
chr11	71440000	71480000	8.715690375210615
chr11	71480000	71520000	11.063010902446573
chr11	71520000	71560000	7.281399704428931
chr11	71760000	71800000	7.172458985348811
chr11	71920000	71960000	8.539304650329989
chr11	79120000	79160000	8.997870909311143
chr11	81640000	81680000	7.6929045032293395
chr11	81760000	81800000	7.785371866009925
chr12	109920000	109960000	7.1601601132134505
chr12	11480000	11520000	7.268706928113233
chr12	122240000	122280000	10.416581600796126
chr12	122280000	122320000	9.75314806241176
chr12	122960000	123000000	8.593581246726908
chr12	123000000	123040000	7.076667690747644
chr12	123280000	123320000	7.085081036997817
chr12	123600000	123640000	11.21115163209491
chr12	123640000	123680000	9.21720486771734
chr12	124320000	124360000	8.504583413750122
chr12	124360000	124400000	8.794491483321858
chr12	124440000	124480000	7.492954893200892
chr12	124480000	124520000	10.627185377654614
chr12	125960000	126000000	8.841938070941687
chr12	127720000	127760000	7.219609309766307
chr12	127760000	127800000	8.282726055321204
chr12	127800000	127840000	7.527106757622751
chr12	127880000	127920000	9.147439151930179
chr12	127920000	127960000	8.307220726834025
chr12	128000000	128040000	7.453609230045347
chr12	128400000	128440000	10.106182409667039
chr12	128560000	128600000	7.227841933033437
chr12	128680000	128720000	8.687669968901798
chr12	128720000	128760000	8.108879016399063
chr12	128880000	128920000	8.274440376847409
chr12	128920000	128960000	7.384547915626505
chr12	128960000	129000000	9.41060317449507
chr12	129000000	129040000	8.039590799903255
chr12	129080000	129120000	7.686286390982247
chr12	129120000	129160000	7.924015895555255
chr12	129160000	129200000	12.066234066156275
chr12	129240000	129280000	9.364341687811766
chr12	129360000	129400000	8.866021274139655
chr12	129400000	129440000	7.481820786994585
chr12	129440000	129480000	7.664575704962775
chr12	129600000	129640000	8.592857812811793
chr12	129680000	129720000	11.241446193980746
chr12	129760000	129800000	8.771061666283389
chr12	129840000	129880000	7.491174073960497
chr12	129880000	129920000	9.918121077863377
chr12	129920000	129960000	7.355186746285981
chr12	130000000	130040000	12.471357352302926
chr12	130040000	130080000	8.040107402955984
chr12	130080000	130120000	7.846681169718285
chr12	130120000	130160000	8.25594400284596
chr12	130160000	130200000	8.861780471470261
chr12	130200000	130240000	8.909791843891114
chr12	130240000	130280000	7.912586244007896
chr12	130280000	130320000	9.68565638804966
chr12	130320000	130360000	10.94703351786943
chr12	130360000	130400000	8.671665628316216
chr12	130400000	130440000	7.788710143261174
chr12	130520000	130560000	9.1759052564906
chr12	130560000	130600000	8.288982357918092
chr12	130640000	130680000	7.830092754351625
chr12	131080000	131120000	7.032119895620765
chr12	131880000	131920000	9.15419772044176
chr12	132040000	132080000	9.136806050584603
chr12	132120000	132160000	9.816912068946527
chr12	132480000	132520000	8.150464565436469
chr12	132840000	132880000	9.1836914718821
chr12	28880000	28920000	7.423610671708697
chr12	29000000	29040000	8.136320116478997
chr12	29160000	29200000	8.443575396066212
chr12	31640000	31680000	8.946971065963757
chr12	320000	360000	8.172113970504371
chr12	3240000	3280000	7.814628533310397
chr12	33240000	33280000	7.195627702625544
chr12	34120000	34160000	7.3940214237741255
chr12	34160000	34200000	7.3951666046663425
chr12	34240000	34280000	10.816607141811
chr12	34280000	34320000	11.921917231148862
chr12	34320000	34360000	12.699886495740913
chr12	34360000	34400000	12.951493080029069
chr12	34440000	34480000	12.25413441725089
chr12	34520000	34560000	8.59265962738257
chr12	37400000	37440000	7.536857041434071
chr12	37520000	37560000	11.590790103748546
chr12	37640000	37680000	7.6104439623255935
chr12	39280000	39320000	7.257928205294678
chr12	45480000	45520000	7.352514248323141
chr12	47040000	47080000	8.156195118072407
chr12	49000000	49040000	9.182018593726335
chr12	50440000	50480000	7.961604178093466
chr12	51360000	51400000	7.356828657145219
chr12	5480000	5520000	8.379730515279316
chr12	57120000	57160000	7.407137755707098
chr13	112640000	112680000	10.45142414541204
chr13	112760000	112800000	7.034247051058522
chr13	112880000	112920000	8.795647165087598
chr13	112960000	113000000	7.547554775280889
chr13	113080000	113120000	7.771421851059812
chr13	113200000	113240000	7.983816087698472
chr13	113920000	113960000	7.322699528221728
chr13	113960000	114000000	8.016000674477139
chr13	18600000	18640000	9.032520252791944
chr13	18680000	18720000	8.263570396466296
chr13	18720000	18760000	11.02604848957861
chr13	18800000	18840000	7.881622429673122
chr13	18840000	18880000	8.840253902363079
chr13	18880000	18920000	10.689770186164631
chr13	18920000	18960000	7.92287356521885
chr13	18960000	19000000	9.822931960894476
chr13	19040000	19080000	9.083879348802347
chr13	19080000	19120000	9.16489702661409
chr13	19120000	19160000	11.596884590295982
chr13	19160000	19200000	8.823644229081431
chr13	19200000	19240000	12.484055240730456
chr13	19360000	19400000	8.834304122359969
chr13	19440000	19480000	8.335963884164679
chr13	19480000	19520000	10.760397547830738
chr13	19520000	19560000	7.065331463451197
chr13	19560000	19600000	8.380149686840062
chr13	19600000	19640000	7.355604494272632
chr13	21520000	21560000	8.731445453786625
chr13	21640000	21680000	7.253908958328596
chr13	22120000	22160000	7.554091234221945
chr13	22280000	22320000	8.889545362601528
chr13	22640000	22680000	13.482699186857838
chr13	22960000	23000000	7.594448385381112
chr13	23000000	23040000	7.8114211938292275
chr13	24240000	24280000	7.766249491418796
chr13	24280000	24320000	9.249382888379092
chr13	24960000	25000000	7.315518984032322
chr13	31960000	32000000	7.673210632117232
chr13	32520000	32560000	7.252097385243614
chr13	34120000	34160000	9.455667223157556
chr13	34160000	34200000	7.381236262027674
chr13	34200000	34240000	8.520042550814447
chr13	46880000	46920000	7.537986660162367
chr13	48000000	48040000	7.589954556378039
chr13	48040000	48080000	8.019738417241731
chr13	49920000	49960000	7.014504914464407
chr13	64840000	64880000	7.745059728999724
chr13	90760000	90800000	7.069551289090066
chr14	100320000	100360000	8.596188824959183
chr14	100680000	100720000	7.578087642211419
chr14	101280000	101320000	7.085028962976497
chr14	101320000	101360000	7.449417238844387
chr14	102480000	102520000	8.466016188306654
chr14	102920000	102960000	7.877792331422424
chr14	103000000	103040000	8.013537339902403
chr14	103040000	103080000	7.615390695259421
chr14	103720000	103760000	9.941283791255042
chr14	104760000	104800000	7.6283634431550995
chr14	105080000	105120000	7.227405268265957
chr14	105120000	105160000	10.338639855749426
chr14	105360000	105400000	10.269754701686562
chr14	105800000	105840000	7.553380348090029
chr14	105840000	105880000	10.475135904150758
chr14	105880000	105920000	7.556918386668949
chr14	105920000	105960000	12.306734414304204
chr14	106280000	106320000	8.23667509138689
chr14	106400000	106440000	7.380784861463756
chr14	106480000	106520000	7.66034368544959
chr14	19840000	19880000	9.137817217809731
chr14	19880000	19920000	9.161133863863947
chr14	19960000	20000000	10.150987061482029
chr14	20040000	20080000	7.6911709173675895
chr14	20120000	20160000	8.294940986053147
chr14	20160000	20200000	7.844397662638309
chr14	21200000	21240000	7.579275143932866
chr14	31440000	31480000	7.050427709349322
chr14	34400000	34440000	9.585661221302047
chr14	44520000	44560000	7.961639041436907
chr14	48600000	48640000	7.396092021251824
chr14	53160000	53200000	8.230875785385681
chr14	69480000	69520000	8.375711976026885
chr14	72360000	72400000	7.596866067902095
chr14	72440000	72480000	11.155283701455414
chr14	72960000	73000000	10.137327809833169
chr14	76680000	76720000	7.476840035776751
chr14	81480000	81520000	10.415354260563458
chr14	87640000	87680000	9.762725877217123
chr14	87680000	87720000	8.75701527437042
chr14	87800000	87840000	7.598628692757526
chr14	89920000	89960000	7.923224214194239
chr14	90120000	90160000	7.373313475269338
chr14	90200000	90240000	8.850711379424556
chr14	92520000	92560000	9.61218213518766
chr14	92880000	92920000	7.1707194173065165
chr14	99040000	99080000	7.213563353089776
chr15	100520000	100560000	7.388702075952726
chr15	101720000	101760000	8.001272951172242
chr15	23600000	23640000	7.626249478821628
chr15	23960000	24000000	7.172559751132524
chr15	25720000	25760000	9.009220078148946
chr15	31520000	31560000	7.354594570581714
chr15	41040000	41080000	10.311495085823932
chr15	42720000	42760000	8.270171212235919
chr15	43000000	43040000	9.398223522334186
chr15	43040000	43080000	7.502285082986262
chr15	43080000	43120000	7.4643812967368115
chr15	43120000	43160000	7.6653645472528265
chr15	53760000	53800000	7.595265166394002
chr15	54640000	54680000	10.035440683347089
chr15	54680000	54720000	8.653837422272238
chr15	55400000	55440000	8.383077935843522
chr15	55440000	55480000	9.74642517007331
chr15	59640000	59680000	7.310844396638753
chr15	64160000	64200000	7.247725579046818
chr15	65880000	65920000	8.024422057057249
chr15	70480000	70520000	11.866516747273215
chr15	72160000	72200000	8.00113836684737
chr15	72280000	72320000	9.464602617113561
chr15	74600000	74640000	7.702727234796244
chr15	75040000	75080000	7.76263768229543
chr15	85080000	85120000	8.280953039542352
chr15	87160000	87200000	8.969795716348216
chr15	87440000	87480000	9.968727009440297
chr15	87640000	87680000	7.420793505569675
chr15	87880000	87920000	9.014435020499082
chr15	88560000	88600000	7.839739630693378
chr15	94600000	94640000	10.556717957346818
chr16	2280000	2320000	7.395401732144883
chr16	25280000	25320000	7.489044154435713
chr16	25720000	25760000	14.377389181789813
chr16	26800000	26840000	7.681160710500269
chr16	2680000	2720000	7.674144928344327
chr16	27160000	27200000	9.243856448422203
chr16	30000000	30040000	7.566300415715911
chr16	30720000	30760000	9.2269767393471
chr16	31960000	32000000	8.138725416061552
chr16	35200000	35240000	7.341773607912548
chr16	35280000	35320000	9.342215077947587
chr16	35360000	35400000	7.533512599459343
chr16	35440000	35480000	7.312535614796274
chr16	48120000	48160000	9.345776308752344
chr16	48160000	48200000	7.015676036226685
chr16	53480000	53520000	7.305479449984771
chr16	54960000	55000000	7.000880540064576
chr16	55320000	55360000	7.230645157129071
chr16	6400000	6440000	10.61685088277289
chr16	6920000	6960000	7.1484873890406115
chr16	7320000	7360000	7.574358011754607
chr16	7400000	7440000	9.832227288966584
chr16	7480000	7520000	7.715613262163469
chr16	7520000	7560000	7.5107416797317015
chr16	7560000	7600000	12.206464616769614
chr16	7600000	7640000	7.339807689642037
chr16	7640000	7680000	9.374226957959443
chr16	7720000	7760000	9.535112408483675
chr16	7760000	7800000	7.3845445759522335
chr16	7800000	7840000	12.258819464376804
chr16	78560000	78600000	8.257214008469703
chr16	78800000	78840000	7.662340431838659
chr16	78920000	78960000	7.416397103827082
chr16	79040000	79080000	7.0765063921783335
chr16	79400000	79440000	10.542165631524847
chr16	79440000	79480000	8.261914718978668
chr16	79520000	79560000	8.910836589330971
chr16	79600000	79640000	9.768519385311992
chr16	7960000	8000000	7.959546083521807
chr16	80000000	80040000	9.447725081170569
chr16	80360000	80400000	10.582204511461434
chr16	8240000	8280000	7.052226390477428
chr16	8320000	8360000	8.075443773246862
chr16	8400000	8440000	10.184305404458527
chr16	88560000	88600000	11.076339720058387
chr16	88600000	88640000	8.261721680513293
chr16	88640000	88680000	9.076440456635707
chr16	88720000	88760000	7.939264077081687
chr16	88800000	88840000	7.654196540120537
chr16	88880000	88920000	10.350879894907676
chr16	89680000	89720000	7.155077325419963
chr16	89880000	89920000	7.051049450596381
chr16	89920000	89960000	9.531941527901733
chr17	1040000	1080000	10.583551827937532
chr17	1120000	1160000	8.459564390446989
chr17	11320000	11360000	7.597972506854322
chr17	1280000	1320000	8.689519306709663
chr17	15720000	15760000	11.65344544530936
chr17	18040000	18080000	9.600667418466436
chr17	19920000	19960000	9.092751877560508
chr17	21360000	21400000	7.039215352009894
chr17	27080000	27120000	7.6421713247933445
chr17	36520000	36560000	7.121425849900755
chr17	36560000	36600000	7.063233151220117
chr17	41720000	41760000	7.211059360838232
chr17	4920000	4960000	7.290423674073216
chr17	50400000	50440000	7.247114287984267
chr17	5080000	5120000	8.03724439158963
chr17	5120000	5160000	8.654378132526869
chr17	55000000	55040000	7.435786428497227
chr17	59120000	59160000	7.054788903764584
chr17	59240000	59280000	8.103947683699612
chr17	64800000	64840000	9.65232750337398
chr17	73440000	73480000	7.004469133152454
chr17	74240000	74280000	8.069323731869224
chr17	75800000	75840000	7.379892922311348
chr17	78440000	78480000	8.226532063190438
chr17	78720000	78760000	7.107935441392943
chr17	78800000	78840000	7.998182028515968
chr17	81160000	81200000	8.01516682587106
chr17	82080000	82120000	9.056260284558322
chr17	82120000	82160000	7.549124805892607
chr17	82160000	82200000	8.601456931226561
chr17	82400000	82440000	7.598297624739348
chr17	82880000	82920000	7.873652542623634
chr18	12960000	13000000	9.069044743513937
chr18	13040000	13080000	8.198043855926667
chr18	14160000	14200000	9.042255656822825
chr18	14240000	14280000	9.086265836268007
chr18	14320000	14360000	8.068637520474688
chr18	14920000	14960000	7.412618338366506
chr18	14960000	15000000	8.649092034958407
chr18	15000000	15040000	11.758005532297295
chr18	15360000	15400000	7.203280920510043
chr18	2280000	2320000	7.76256117924753
chr18	2600000	2640000	8.49274328999617
chr18	30680000	30720000	7.4678409892799875
chr18	31600000	31640000	9.912666271176489
chr18	32000000	32040000	7.1833555124018185
chr18	38760000	38800000	7.590273114174651
chr18	41840000	41880000	9.035309811519973
chr18	41960000	42000000	7.091768856505668
chr18	46080000	46120000	7.45798353586934
chr18	46680000	46720000	8.502479416066999
chr18	48720000	48760000	7.964730855321933
chr18	51880000	51920000	8.0358513186186
chr18	57600000	57640000	7.064791219229794
chr18	6960000	7000000	8.763636771404004
chr18	7240000	7280000	7.902855196260003
chr18	74520000	74560000	7.491823602041683
chr18	74560000	74600000	9.661995593597675
chr18	77120000	77160000	7.088696089263216
chr18	77680000	77720000	8.038788321683898
chr18	78120000	78160000	8.326866053747072
chr18	78200000	78240000	7.809146478210963
chr18	78360000	78400000	10.277330811563887
chr18	78440000	78480000	7.762461538115088
chr18	78480000	78520000	12.234577889047225
chr18	78520000	78560000	9.289628247691834
chr18	78600000	78640000	9.680630966176004
chr18	78680000	78720000	10.900217178243224
chr18	79320000	79360000	10.832598288200138
chr18	79360000	79400000	7.47519886624357
chr18	79440000	79480000	7.142475603707722
chr18	79680000	79720000	7.26663625588523
chr19	1400000	1440000	8.75699962747694
chr19	19960000	20000000	9.578759165045179
chr19	20120000	20160000	10.529114620944558
chr19	20480000	20520000	12.188674586282804
chr19	20520000	20560000	7.7793948515753675
chr19	20560000	20600000	7.940929460753977
chr19	20920000	20960000	8.87555253556666
chr19	20960000	21000000	7.408317333506372
chr19	21040000	21080000	8.312154278881348
chr19	22400000	22440000	7.007947284494289
chr19	22520000	22560000	8.35210630700169
chr19	22600000	22640000	9.054162283001157
chr19	22640000	22680000	7.4068669301909855
chr19	22720000	22760000	7.269711570132424
chr19	22760000	22800000	8.342659686563072
chr19	22800000	22840000	7.947045269718232
chr19	22920000	22960000	7.722329322861547
chr19	23160000	23200000	8.129966233714638
chr19	23800000	23840000	10.576699110342453
chr19	23840000	23880000	8.797411730816437
chr19	24000000	24040000	7.866586226175225
chr19	27880000	27920000	7.291846946181711
chr19	28360000	28400000	7.797311773963262
chr19	29160000	29200000	8.804262086153264
chr19	29360000	29400000	7.579486762267972
chr19	29400000	29440000	7.975967091235296
chr19	36600000	36640000	7.796828044095003
chr19	36880000	36920000	7.561556316819929
chr19	37000000	37040000	7.036413174567089
chr19	37480000	37520000	7.6112434626364305
chr19	37560000	37600000	7.036390618303781
chr19	57040000	57080000	10.09392385279778
chr1	108640000	108680000	10.057633433287268
chr1	110160000	110200000	7.000685147639168
chr1	111000000	111040000	8.314587927316406
chr1	111080000	111120000	9.767040089650454
chr1	111360000	111400000	7.939878608863043
chr1	111400000	111440000	10.278337519051089
chr1	111440000	111480000	9.756927269478275
chr1	116960000	117000000	7.012863084135609
chr1	117800000	117840000	7.259875396008738
chr1	12800000	12840000	8.335139286054327
chr1	13200000	13240000	7.054008893205477
chr1	1320000	1360000	8.024412453687491
chr1	13360000	13400000	7.731364058406287
chr1	13520000	13560000	8.768864930054251
chr1	13600000	13640000	14.441051786883955
chr1	147120000	147160000	7.3238080478985115
chr1	1480000	1520000	8.884340857594689
chr1	15040000	15080000	7.72230715254188
chr1	152480000	152520000	9.206122690660044
chr1	154560000	154600000	9.65370308168322
chr1	155800000	155840000	7.38218612217316
chr1	156280000	156320000	7.606895074762635
chr1	1600000	1640000	7.3275238260898785
chr1	167760000	167800000	7.310517589395172
chr1	168240000	168280000	7.819460921100896
chr1	169880000	169920000	7.186119453995879
chr1	176880000	176920000	7.874463695296456
chr1	177960000	178000000	9.82547224120975
chr1	19320000	19360000	7.134508656720654
chr1	208200000	208240000	7.057110140370043
chr1	21160000	21200000	7.297831799235018
chr1	213000000	213040000	7.370847414277848
chr1	224400000	224440000	8.192520087803532
chr1	225080000	225120000	8.730084237752541
chr1	226320000	226360000	7.4230649859414335
chr1	226960000	227000000	7.428629222153307
chr1	227240000	227280000	7.2104680337355225
chr1	227400000	227440000	7.106930499050843
chr1	228160000	228200000	7.82002435125589
chr1	228200000	228240000	7.840005339039171
chr1	228280000	228320000	9.074248480328174
chr1	228360000	228400000	7.259176483030795
chr1	228400000	228440000	7.238109394903294
chr1	229560000	229600000	7.886979923324505
chr1	231240000	231280000	8.961377327374008
chr1	231560000	231600000	7.042212499033577
chr1	232560000	232600000	7.313934236205218
chr1	232960000	233000000	9.5924410896751
chr1	233160000	233200000	7.415697309441753
chr1	235440000	235480000	11.58757273866084
chr1	236000000	236040000	7.988756564253232
chr1	23720000	23760000	7.73503263644313
chr1	248000000	248040000	7.6570728129408225
chr1	25560000	25600000	9.665631459123082
chr1	26560000	26600000	8.177907796560913
chr1	26920000	26960000	8.917364233931536
chr1	4080000	4120000	7.399740532218513
chr1	4120000	4160000	9.731014070624845
chr1	4200000	4240000	7.487314316792071
chr1	4240000	4280000	7.781881541938933
chr1	4280000	4320000	9.813660352562195
chr1	4320000	4360000	8.177176555580807
chr1	4360000	4400000	7.990602945252602
chr1	4400000	4440000	11.634610566734324
chr1	4440000	4480000	9.66314803509982
chr1	4480000	4520000	9.93767999196345
chr1	4520000	4560000	9.102117370204109
chr1	4560000	4600000	16.667671646353
chr1	45720000	45760000	7.388462632708597
chr1	4600000	4640000	11.24420351564224
chr1	4640000	4680000	7.804149787819442
chr1	4680000	4720000	9.787184884701368
chr1	4720000	4760000	11.170528278451307
chr1	4760000	4800000	9.454458544646727
chr1	48400000	48440000	7.354161336987323
chr1	48440000	48480000	7.498530266128773
chr1	48480000	48520000	7.366367078876692
chr1	48520000	48560000	11.183140103324456
chr1	48600000	48640000	7.150459050759914
chr1	4880000	4920000	8.647588637876968
chr1	4920000	4960000	7.224398656191457
chr1	49320000	49360000	11.422314456724438
chr1	49360000	49400000	8.604552103723321
chr1	49440000	49480000	7.996045102757999
chr1	49520000	49560000	7.778925363220023
chr1	49560000	49600000	12.311357767823065
chr1	49640000	49680000	8.819034892013622
chr1	49680000	49720000	8.437914977673884
chr1	49800000	49840000	11.064670138171152
chr1	50280000	50320000	8.786569168385405
chr1	51280000	51320000	10.134033582339368
chr1	51760000	51800000	8.146049826003466
chr1	5200000	5240000	8.277303745709627
chr1	52080000	52120000	7.824258536973122
chr1	5400000	5440000	7.3389841762172905
chr1	5480000	5520000	8.293894260406143
chr1	6280000	6320000	7.436977447888937
chr1	94800000	94840000	7.039553950410307
chr1	9600000	9640000	7.396142257348526
chr1	99720000	99760000	7.082890494309309
chr20	1480000	1520000	7.415776148031863
chr20	18000000	18040000	8.659539419792294
chr20	18160000	18200000	8.780395205425013
chr20	19720000	19760000	7.274087569317008
chr20	29320000	29360000	7.608331165508331
chr20	29400000	29440000	8.821584982988453
chr20	29600000	29640000	8.312989918824261
chr20	30480000	30520000	7.253355202203406
chr20	3080000	3120000	7.832564750689273
chr20	34760000	34800000	7.510120194940637
chr20	39000000	39040000	7.742616356170683
chr20	400000	440000	7.7610760816449265
chr20	42000000	42040000	8.027798886714868
chr20	42320000	42360000	7.076626876122668
chr20	42520000	42560000	9.933008972395424
chr20	42920000	42960000	10.419311805391343
chr20	43120000	43160000	8.439492522732506
chr20	43280000	43320000	8.471560957371905
chr20	55720000	55760000	8.351160087614334
chr20	55840000	55880000	13.206510435065674
chr20	55960000	56000000	12.19173256948698
chr20	56000000	56040000	8.82535443321475
chr20	56080000	56120000	8.8382279595051
chr20	56120000	56160000	10.145406824606304
chr20	59800000	59840000	7.754280850160351
chr20	60320000	60360000	9.080921568632718
chr20	60920000	60960000	8.968988462872463
chr20	61040000	61080000	11.287245774685793
chr20	61080000	61120000	9.412612551106855
chr20	61120000	61160000	8.930561103051335
chr20	61160000	61200000	7.613310479056486
chr21	18640000	18680000	8.151531101278652
chr21	18720000	18760000	7.549344617232994
chr21	22560000	22600000	9.094904216994099
chr21	28800000	28840000	7.07713735775094
chr21	28840000	28880000	7.29646210326648
chr21	28960000	29000000	7.1725242240743
chr21	29040000	29080000	8.075889090278652
chr21	41800000	41840000	7.315216809415205
chr21	43720000	43760000	9.150903674559858
chr22	15720000	15760000	7.769396174503415
chr22	20080000	20120000	9.110081474378466
chr22	38600000	38640000	7.152812429297532
chr22	46760000	46800000	7.487900752806435
chr22	47280000	47320000	7.0721028439354585
chr22	47400000	47440000	7.68266387013188
chr22	47480000	47520000	9.113309297790984
chr22	47520000	47560000	9.632747202248085
chr22	47600000	47640000	7.292458867054328
chr22	48040000	48080000	8.338721967483226
chr22	48120000	48160000	10.305087938511305
chr22	48160000	48200000	7.247880200698319
chr22	48240000	48280000	10.910472768941984
chr22	48320000	48360000	8.476024678161869
chr22	48480000	48520000	7.338083410647867
chr22	48520000	48560000	7.670814479281255
chr22	48560000	48600000	10.086542428292043
chr22	48600000	48640000	7.230625053206308
chr22	48640000	48680000	7.023691450699269
chr22	49000000	49040000	11.378643196585227
chr22	49320000	49360000	7.4087493237926925
chr22	49440000	49480000	8.270451944057962
chr22	49520000	49560000	7.478990663749628
chr2	10120000	10160000	7.1437451193716655
chr2	10200000	10240000	9.751783454162943
chr2	105880000	105920000	7.1406765424138845
chr2	10720000	10760000	7.154672852851873
chr2	10760000	10800000	11.616042170041853
chr2	113000000	113040000	10.327616542870363
chr2	114080000	114120000	8.411309975251557
chr2	11640000	11680000	7.4414861553377865
chr2	116800000	116840000	7.831673491163096
chr2	117000000	117040000	8.330160153618309
chr2	121880000	121920000	7.787006605278244
chr2	126440000	126480000	9.233928416448524
chr2	127040000	127080000	8.915879072216372
chr2	129760000	129800000	8.570358645260766
chr2	133840000	133880000	9.751588187007892
chr2	134960000	135000000	10.618903674275485
chr2	135040000	135080000	7.077832140423197
chr2	136200000	136240000	7.741432959866934
chr2	142840000	142880000	7.9282881028110435
chr2	142960000	143000000	8.272624960895456
chr2	152600000	152640000	7.2598727626265225
chr2	152760000	152800000	7.497634124415753
chr2	158800000	158840000	7.756279464842367
chr2	158840000	158880000	7.175899971255988
chr2	172480000	172520000	12.098695604649427
chr2	1800000	1840000	7.034541071628638
chr2	1840000	1880000	7.086768501171592
chr2	191400000	191440000	7.055018923999523
chr2	191440000	191480000	9.033184954316935
chr2	193560000	193600000	8.597389858216102
chr2	201560000	201600000	8.780643085503321
chr2	202520000	202560000	8.41345232957205
chr2	20360000	20400000	7.9311184263825565
chr2	203960000	204000000	8.64890449720694
chr2	20400000	20440000	8.154617134623166
chr2	20960000	21000000	8.230296615014314
chr2	215960000	216000000	7.7073014349630355
chr2	220640000	220680000	7.507568330507042
chr2	221880000	221920000	7.3555618152981905
chr2	224280000	224320000	7.868278587954517
chr2	231480000	231520000	8.585315980086879
chr2	232720000	232760000	7.1469832597466025
chr2	232760000	232800000	9.51923250822047
chr2	232800000	232840000	9.049245423124633
chr2	233760000	233800000	7.261634259675557
chr2	237080000	237120000	10.769855688680737
chr2	237840000	237880000	7.738705271925893
chr2	239080000	239120000	7.772095460809096
chr2	241120000	241160000	8.31330428086033
chr2	241440000	241480000	7.096818315292901
chr2	241600000	241640000	9.610853160509988
chr2	241640000	241680000	7.720567794263286
chr2	241720000	241760000	8.272996872224583
chr2	27440000	27480000	7.216585350827462
chr2	27480000	27520000	7.219703539116664
chr2	27560000	27600000	8.83281433328325
chr2	28520000	28560000	9.447185809184631
chr2	2880000	2920000	8.774624163507575
chr2	29000000	29040000	9.634745691393963
chr2	29240000	29280000	8.689301662198382
chr2	29760000	29800000	7.419883014778532
chr2	30120000	30160000	7.930616369351653
chr2	30160000	30200000	10.29861863918583
chr2	30200000	30240000	10.094082396893883
chr2	31680000	31720000	7.193564498990733
chr2	32080000	32120000	7.659872348303955
chr2	32160000	32200000	7.472374656588937
chr2	32200000	32240000	8.431450341293186
chr2	32280000	32320000	9.666431040258486
chr2	32360000	32400000	8.580180481915207
chr2	32400000	32440000	10.650162073936732
chr2	3400000	3440000	9.857603457578398
chr2	3440000	3480000	9.652541556811
chr2	3480000	3520000	8.4986822262412
chr2	42360000	42400000	8.003858724551264
chr2	42720000	42760000	8.088293954575144
chr2	42760000	42800000	9.801436085480596
chr2	46920000	46960000	8.465505251803219
chr2	4720000	4760000	7.665881188211283
chr2	47480000	47520000	7.1211972387900655
chr2	55640000	55680000	8.009147723517737
chr2	61160000	61200000	7.2755252990210195
chr2	71000000	71040000	8.119226305312669
chr2	71080000	71120000	8.262537052943806
chr2	71520000	71560000	8.611561317572647
chr2	71680000	71720000	7.5797836537774375
chr2	85560000	85600000	7.329126478336249
chr2	8840000	8880000	8.077832695659868
chr2	9120000	9160000	8.008573963517206
chr2	9360000	9400000	7.03612604210503
chr2	95120000	95160000	8.861565522310249
chr2	95160000	95200000	9.328187441479967
chr2	97760000	97800000	7.8040461100675405
chr2	98000000	98040000	7.387107133795862
chr2	9840000	9880000	7.6907566734691475
chr2	98440000	98480000	7.108675587001152
chr2	98600000	98640000	8.599390809358557
chr3	105600000	105640000	7.308360682388558
chr3	105880000	105920000	7.468361163015883
chr3	106120000	106160000	7.245676168596232
chr3	107080000	107120000	7.6272120533022205
chr3	112520000	112560000	8.577546932848476
chr3	123600000	123640000	8.302544111202518
chr3	125480000	125520000	7.133542252156715
chr3	127640000	127680000	7.294658954585718
chr3	1280000	1320000	8.90876215351084
chr3	128640000	128680000	7.725828709273879
chr3	128880000	128920000	10.231252966563453
chr3	12920000	12960000	11.34045081604136
chr3	129320000	129360000	9.365284292501356
chr3	133400000	133440000	7.165802906284108
chr3	133600000	133640000	9.192535732674301
chr3	133640000	133680000	10.173581576815529
chr3	138000000	138040000	7.321812598276822
chr3	13880000	13920000	9.505213031462267
chr3	13920000	13960000	13.021048955445671
chr3	139320000	139360000	7.608509923772055
chr3	14040000	14080000	9.365754959120096
chr3	14080000	14120000	8.872816693455428
chr3	14120000	14160000	7.2801075686596795
chr3	143000000	143040000	7.112875937285928
chr3	143200000	143240000	7.981005911090401
chr3	15480000	15520000	8.344333909887046
chr3	172680000	172720000	7.239548962014526
chr3	175280000	175320000	7.2442837497788135
chr3	1760000	1800000	7.679546278147782
chr3	1880000	1920000	8.213276944189133
chr3	194640000	194680000	7.091416996111697
chr3	195680000	195720000	7.785666361548056
chr3	196200000	196240000	7.470326897901843
chr3	196560000	196600000	9.522061448339947
chr3	20040000	20080000	7.255647457360531
chr3	2040000	2080000	8.947224085392916
chr3	2120000	2160000	7.174101592647464
chr3	2240000	2280000	8.458667221580287
chr3	2480000	2520000	7.099851117361403
chr3	37400000	37440000	7.693759394872585
chr3	37480000	37520000	7.492062010331926
chr3	44560000	44600000	8.477959843308739
chr3	44920000	44960000	7.5581308899497675
chr3	47280000	47320000	9.215466549011426
chr3	47320000	47360000	7.018125021483869
chr3	47800000	47840000	7.112079823376251
chr3	48560000	48600000	7.183249168657187
chr3	48640000	48680000	10.232558496173027
chr3	49680000	49720000	7.73784416069192
chr3	50560000	50600000	8.288108247649232
chr3	51360000	51400000	10.644503947467346
chr3	51440000	51480000	7.171585842353081
chr3	51560000	51600000	10.181484888951823
chr3	51640000	51680000	8.470717372941431
chr3	51880000	51920000	9.403650435518289
chr3	52360000	52400000	7.573122378107759
chr3	54000000	54040000	7.322238859928576
chr3	5400000	5440000	7.053319634953457
chr3	5520000	5560000	10.749410330877158
chr3	5560000	5600000	7.365259195279176
chr3	5640000	5680000	7.469530232635349
chr3	5680000	5720000	9.017820410249106
chr3	58120000	58160000	9.985346077308105
chr3	5920000	5960000	7.429657366347227
chr3	59480000	59520000	7.04215061208463
chr3	61400000	61440000	8.792805061620017
chr3	6200000	6240000	7.829174049072191
chr3	6240000	6280000	9.04090287634557
chr3	6360000	6400000	7.130422271175816
chr3	6400000	6440000	8.84051112433111
chr3	6440000	6480000	7.934985850503299
chr3	6480000	6520000	8.284547932846191
chr3	6560000	6600000	7.079853953267009
chr3	6600000	6640000	7.823121016261172
chr3	6960000	7000000	8.021139994094064
chr3	7040000	7080000	9.26409983296202
chr3	71600000	71640000	7.516882404110969
chr3	720000	760000	7.620297824596546
chr3	73120000	73160000	7.26432638205666
chr3	73160000	73200000	7.158320890459329
chr3	73360000	73400000	8.494324205458085
chr3	75320000	75360000	10.544287722249294
chr3	75440000	75480000	9.74629050920273
chr3	75480000	75520000	11.218665460132543
chr3	75680000	75720000	9.469401561299195
chr3	840000	880000	8.218970573922013
chr3	96280000	96320000	7.062668004634674
chr4	1000000	1040000	7.578566058145717
chr4	10080000	10120000	9.605060155044107
chr4	10120000	10160000	8.460853552957854
chr4	103120000	103160000	7.4374544979233725
chr4	1040000	1080000	7.984572211404256
chr4	107960000	108000000	7.8247952632808175
chr4	1080000	1120000	10.343720401128383
chr4	12400000	12440000	7.813911304711518
chr4	131080000	131120000	7.8084495279177135
chr4	143520000	143560000	8.220600358345317
chr4	1440000	1480000	8.114156645288567
chr4	151120000	151160000	8.798849813302358
chr4	159680000	159720000	7.486415731563723
chr4	159840000	159880000	7.327660091127979
chr4	159960000	160000000	9.996535894086538
chr4	163040000	163080000	8.579479513940072
chr4	170040000	170080000	7.754885715146128
chr4	170080000	170120000	11.320115894026332
chr4	182840000	182880000	8.725438726645129
chr4	182880000	182920000	7.840521289921464
chr4	182960000	183000000	7.473187685440742
chr4	183000000	183040000	7.732331496905762
chr4	183840000	183880000	7.491275321916704
chr4	187880000	187920000	9.872852232867386
chr4	188600000	188640000	9.468648987583084
chr4	188640000	188680000	8.143782172409281
chr4	1960000	2000000	7.594788732522331
chr4	280000	320000	7.429747910726796
chr4	3480000	3520000	8.413389614095719
chr4	3800000	3840000	8.547787815065053
chr4	39400000	39440000	7.315084713736253
chr4	4200000	4240000	9.109065136968086
chr4	4320000	4360000	7.7813518689112655
chr4	44960000	45000000	7.5414187358886045
chr4	480000	520000	9.176684642866313
chr4	520000	560000	9.587021050473544
chr4	56920000	56960000	10.321607386726352
chr4	58400000	58440000	7.29619095784911
chr4	62800000	62840000	7.383717468589317
chr4	62840000	62880000	7.351443502902753
chr4	63080000	63120000	7.174601180470713
chr4	640000	680000	7.320156738766253
chr4	72200000	72240000	8.108693504535724
chr4	7760000	7800000	8.189014955076974
chr4	78880000	78920000	7.428934606629546
chr4	800000	840000	8.079491638914106
chr4	840000	880000	10.18267076608638
chr4	880000	920000	12.287407277362824
chr4	8960000	9000000	10.26294863774034
chr4	920000	960000	8.331221965872286
chr4	9520000	9560000	9.283719060016086
chr4	9600000	9640000	9.561338706209122
chr4	960000	1000000	8.257221050965098
chr4	9680000	9720000	9.695659490806234
chr5	101000000	101040000	8.002999527185452
chr5	112440000	112480000	8.221330737407836
chr5	121880000	121920000	8.012687872038164
chr5	123640000	123680000	7.431528336523748
chr5	131400000	131440000	9.202803871072812
chr5	132680000	132720000	8.680972079209441
chr5	159360000	159400000	7.808959287186393
chr5	161400000	161440000	7.308520326699908
chr5	162520000	162560000	7.001033765116651
chr5	162880000	162920000	7.193720789601933
chr5	168440000	168480000	7.003600904311191
chr5	168480000	168520000	8.601535740603232
chr5	169800000	169840000	7.0179366284772025
chr5	170000000	170040000	8.93386575672531
chr5	17040000	17080000	7.442461265793147
chr5	172080000	172120000	7.117413682536018
chr5	172920000	172960000	7.296544773632598
chr5	174760000	174800000	7.334239493595554
chr5	178200000	178240000	7.2407787873237535
chr5	178960000	179000000	8.471635343179724
chr5	179800000	179840000	7.410740164610178
chr5	18320000	18360000	8.045306250028982
chr5	2800000	2840000	7.1627964831721735
chr5	3120000	3160000	7.2292588217010625
chr5	3320000	3360000	10.134459306480213
chr5	3560000	3600000	10.982093377789676
chr5	3600000	3640000	8.404516409496653
chr5	3680000	3720000	8.361253116084917
chr5	37360000	37400000	7.649829182998516
chr5	3760000	3800000	9.739149130373207
chr5	3840000	3880000	10.878865754546815
chr5	3920000	3960000	8.93681680873401
chr5	3960000	4000000	10.059427029255822
chr5	4000000	4040000	10.203587812958359
chr5	4040000	4080000	8.495386909915009
chr5	40840000	40880000	7.107767329954858
chr5	4120000	4160000	7.054562351591133
chr5	4160000	4200000	7.736918862450272
chr5	4480000	4520000	12.325310616817069
chr5	4560000	4600000	8.214130143802121
chr5	46120000	46160000	8.251153826720929
chr5	46200000	46240000	7.692257705514022
chr5	46240000	46280000	7.7009378180990895
chr5	4760000	4800000	8.963791740313404
chr5	50880000	50920000	8.415295240816171
chr5	50920000	50960000	9.913829666952877
chr5	55280000	55320000	8.747062357980315
chr5	55920000	55960000	7.218431865790299
chr5	65800000	65840000	7.033723216869106
chr5	69000000	69040000	8.717303364712569
chr5	75320000	75360000	7.929084968290706
chr5	75400000	75440000	7.07325615374117
chr5	75560000	75600000	7.439419999576199
chr5	75880000	75920000	7.438705460305901
chr5	79840000	79880000	7.99248237009979
chr5	81360000	81400000	7.348326170180211
chr6	10440000	10480000	7.179114807491762
chr6	105360000	105400000	7.472869893443311
chr6	105840000	105880000	9.412062425483953
chr6	112040000	112080000	7.289705702036329
chr6	112360000	112400000	10.498765341636274
chr6	130040000	130080000	8.831229884935972
chr6	131000000	131040000	7.000023816884371
chr6	131640000	131680000	7.167777570088664
chr6	134680000	134720000	8.35227333410909
chr6	151080000	151120000	9.39752364725608
chr6	151320000	151360000	8.635500805802463
chr6	151360000	151400000	7.893202256249072
chr6	151400000	151440000	7.249102591762763
chr6	156120000	156160000	7.439334957113889
chr6	15640000	15680000	7.8033746653078175
chr6	156920000	156960000	7.531277358773103
chr6	157280000	157320000	7.528952145560135
chr6	159680000	159720000	8.12004482279336
chr6	159800000	159840000	7.248828926960004
chr6	159880000	159920000	8.964485454122856
chr6	160040000	160080000	8.814379150743843
chr6	16120000	16160000	7.275620864880349
chr6	16160000	16200000	7.303811103345658
chr6	163200000	163240000	8.357303859675712
chr6	163320000	163360000	8.986747069201062
chr6	163600000	163640000	10.564401853130503
chr6	163640000	163680000	9.495527410900692
chr6	163680000	163720000	8.391009737443138
chr6	166680000	166720000	10.068013832272053
chr6	167960000	168000000	7.91889423383614
chr6	169560000	169600000	8.754057223072293
chr6	169880000	169920000	7.7203117072345435
chr6	170320000	170360000	7.3551305791319646
chr6	25160000	25200000	8.871924998303419
chr6	33440000	33480000	7.071363649311383
chr6	440000	480000	7.110652182268517
chr6	44400000	44440000	9.758255872541008
chr6	53000000	53040000	7.22664089274066
chr6	53040000	53080000	11.249400247472458
chr6	65040000	65080000	7.747663781452358
chr6	65480000	65520000	8.677682556223699
chr6	67680000	67720000	7.884110721948503
chr6	7600000	7640000	7.368323610456632
chr6	77520000	77560000	8.149841678243858
chr6	77560000	77600000	8.941330386421559
chr6	77920000	77960000	7.173191508928242
chr6	87000000	87040000	7.434399911819515
chr6	88280000	88320000	7.4861374821760585
chr6	88320000	88360000	7.39672688754358
chr7	106200000	106240000	8.572707836052281
chr7	112360000	112400000	7.4691298093378835
chr7	125040000	125080000	7.792596371359205
chr7	125240000	125280000	7.0063702946339
chr7	140120000	140160000	7.090431194528869
chr7	140360000	140400000	7.3449800478013305
chr7	145360000	145400000	7.476520853493085
chr7	145400000	145440000	7.646723455725124
chr7	145520000	145560000	9.169177870563114
chr7	145760000	145800000	8.671872925720457
chr7	145800000	145840000	10.739023628243537
chr7	146000000	146040000	7.307685524813437
chr7	147280000	147320000	8.51159189650875
chr7	147400000	147440000	9.617633582495916
chr7	147440000	147480000	9.033213061219962
chr7	148160000	148200000	12.096326646781206
chr7	149520000	149560000	9.874201776803275
chr7	149800000	149840000	7.030176085498035
chr7	152280000	152320000	7.339097313461296
chr7	152720000	152760000	9.447620744179133
chr7	152800000	152840000	8.00459378169028
chr7	152880000	152920000	8.027759826032877
chr7	153200000	153240000	8.117541876385665
chr7	153240000	153280000	8.405425486372414
chr7	153280000	153320000	8.52967952357471
chr7	153320000	153360000	9.111412726683842
chr7	153360000	153400000	9.034495168918793
chr7	153440000	153480000	7.6129603953062945
chr7	153720000	153760000	7.128328388507477
chr7	153760000	153800000	8.402120530357791
chr7	153800000	153840000	7.478274253444577
chr7	153880000	153920000	8.210774770127442
chr7	153960000	154000000	7.813645542665482
chr7	154200000	154240000	9.922335516845198
chr7	154320000	154360000	7.145006056266084
chr7	154520000	154560000	8.894649536425032
chr7	154600000	154640000	9.524440806467863
chr7	154720000	154760000	7.318433948591527
chr7	154840000	154880000	10.516235213433244
chr7	155800000	155840000	8.284877562282745
chr7	155840000	155880000	9.653768864197188
chr7	155920000	155960000	8.567752482029977
chr7	156000000	156040000	8.096185532897097
chr7	156040000	156080000	8.073352749502911
chr7	156080000	156120000	10.722125778219912
chr7	156120000	156160000	8.517454857989822
chr7	157920000	157960000	7.272685242976768
chr7	158000000	158040000	7.9321208383949795
chr7	16360000	16400000	7.572624127067944
chr7	16520000	16560000	8.088401024818705
chr7	16560000	16600000	8.370410082784653
chr7	17520000	17560000	8.289052239887567
chr7	200000	240000	9.463453015184614
chr7	2120000	2160000	7.633226908315303
chr7	240000	280000	7.290758969252959
chr7	30880000	30920000	8.934117133015675
chr7	40080000	40120000	7.203286405332017
chr7	40120000	40160000	8.930596439113225
chr7	44680000	44720000	7.435470168425468
chr7	44960000	45000000	9.76317398396744
chr7	45120000	45160000	7.132901610267667
chr7	45880000	45920000	8.891278254968311
chr7	47200000	47240000	11.03874539198932
chr7	47480000	47520000	7.149433770381073
chr7	47600000	47640000	7.660334671195332
chr7	48360000	48400000	9.047248877367007
chr7	4840000	4880000	7.1714040013146905
chr7	54640000	54680000	8.431811456330117
chr7	54680000	54720000	7.956337456762544
chr7	54720000	54760000	8.319497361658975
chr7	54960000	55000000	7.775772713782558
chr7	55040000	55080000	7.209676949471437
chr7	55400000	55440000	8.405506891241691
chr7	55440000	55480000	7.790120669589409
chr7	56160000	56200000	7.654784808488456
chr7	56240000	56280000	12.44376084126501
chr7	56320000	56360000	8.669360167673553
chr7	56400000	56440000	7.635072640884562
chr7	56480000	56520000	8.634302785586751
chr7	56560000	56600000	8.780376023482727
chr7	56640000	56680000	8.567191217680769
chr7	56720000	56760000	9.394582097758489
chr7	57080000	57120000	7.13785224691031
chr7	57120000	57160000	8.40778233447831
chr7	57200000	57240000	10.747512696963648
chr7	57360000	57400000	9.415809332953913
chr7	57480000	57520000	8.901956231140222
chr7	57560000	57600000	7.314997628090006
chr7	57640000	57680000	7.328462688166994
chr7	57720000	57760000	8.038528185053286
chr7	57920000	57960000	7.495626014806116
chr7	62640000	62680000	9.814531602971776
chr7	62760000	62800000	7.983606810445808
chr7	62920000	62960000	11.530595527011887
chr7	63880000	63920000	7.1380262628181255
chr7	63920000	63960000	7.392034869915155
chr7	64000000	64040000	7.752775819467718
chr7	64120000	64160000	7.407033653016309
chr7	64240000	64280000	8.406310616348955
chr7	64320000	64360000	9.059764010838798
chr7	64360000	64400000	12.887704298052187
chr7	6440000	6480000	7.148208087131468
chr7	64440000	64480000	7.736535900939022
chr7	64480000	64520000	10.548924211762634
chr7	64520000	64560000	8.126646350983995
chr7	64560000	64600000	9.265670529319225
chr7	64600000	64640000	10.6463658479165
chr7	64720000	64760000	12.921438470209296
chr7	64760000	64800000	8.448124201819745
chr7	64840000	64880000	11.828096172147493
chr7	6640000	6680000	7.158545119692078
chr7	67480000	67520000	7.004947177221973
chr7	67800000	67840000	8.716678053363657
chr7	67880000	67920000	8.543813087335858
chr7	67920000	67960000	10.622765463222617
chr7	67960000	68000000	8.024950899550326
chr7	68080000	68120000	8.01579544078726
chr7	68120000	68160000	8.985536573851194
chr7	68240000	68280000	10.896599329966614
chr7	68640000	68680000	8.97841889710439
chr7	68720000	68760000	9.02984376964822
chr7	68800000	68840000	8.651256547228861
chr7	69000000	69040000	7.351494463570642
chr7	69160000	69200000	7.516686682833832
chr7	69240000	69280000	8.266473828829564
chr7	98920000	98960000	10.8849290003483
chr7	99000000	99040000	9.86134032288408
chr8	122640000	122680000	9.635354654929124
chr8	122720000	122760000	8.108803553927133
chr8	123320000	123360000	8.248432841896111
chr8	123640000	123680000	7.0273902073690975
chr8	124520000	124560000	7.665161732767823
chr8	124560000	124600000	10.450844827938461
chr8	127520000	127560000	8.502471941053258
chr8	133440000	133480000	7.632777938316772
chr8	133480000	133520000	8.394593105808642
chr8	133520000	133560000	9.976856448466675
chr8	134320000	134360000	7.693119212294365
chr8	134880000	134920000	7.888183700909419
chr8	134920000	134960000	7.984789184482142
chr8	137560000	137600000	9.232819576091082
chr8	137920000	137960000	7.218955681091499
chr8	138040000	138080000	7.078210909136497
chr8	138160000	138200000	7.104757532279901
chr8	138240000	138280000	7.395157740109871
chr8	138280000	138320000	7.078642786078263
chr8	138320000	138360000	11.08422928373529
chr8	138480000	138520000	8.024055204818136
chr8	138600000	138640000	7.863596745141852
chr8	138640000	138680000	10.078863737889062
chr8	138680000	138720000	8.986750124980613
chr8	138720000	138760000	7.858228995068928
chr8	138800000	138840000	11.707297727558375
chr8	138840000	138880000	7.012490327874253
chr8	138880000	138920000	10.27855220552147
chr8	138920000	138960000	9.235225646573086
chr8	139040000	139080000	8.183526616636932
chr8	139080000	139120000	9.952839325214876
chr8	139200000	139240000	8.468736276289837
chr8	139240000	139280000	8.721957754462105
chr8	139280000	139320000	9.4330871229043
chr8	139320000	139360000	7.548079165421275
chr8	139360000	139400000	11.836412806850689
chr8	139440000	139480000	10.627640955106672
chr8	139520000	139560000	11.444490350292034
chr8	139600000	139640000	7.928703161110787
chr8	139760000	139800000	7.546958419256432
chr8	139880000	139920000	10.22060013715674
chr8	140520000	140560000	8.891231652029411
chr8	140600000	140640000	7.113022890323451
chr8	141240000	141280000	7.1720520728775545
chr8	141920000	141960000	9.748445258719283
chr8	142040000	142080000	11.226788509869364
chr8	142120000	142160000	7.877018499024056
chr8	142760000	142800000	8.832909598793542
chr8	142800000	142840000	7.908311909306543
chr8	143320000	143360000	8.496098695664918
chr8	143480000	143520000	7.416617661657312
chr8	143560000	143600000	8.969413725715032
chr8	143640000	143680000	7.398738707962973
chr8	143720000	143760000	8.179336439827598
chr8	143800000	143840000	7.740095200068938
chr8	144280000	144320000	7.304141822845085
chr8	144920000	144960000	7.012989092740075
chr8	15400000	15440000	7.407731407499877
chr8	17280000	17320000	8.558357832167752
chr8	2600000	2640000	9.489246399233444
chr8	2680000	2720000	7.31493416857379
chr8	2720000	2760000	11.654858834993718
chr8	2760000	2800000	9.970465420577463
chr8	2920000	2960000	7.176169244842875
chr8	3080000	3120000	8.470551748185548
chr8	3200000	3240000	8.048388954507788
chr8	3320000	3360000	15.540598293474307
chr8	3440000	3480000	8.09687609473719
chr8	3480000	3520000	10.375555303797675
chr8	3520000	3560000	8.810015602290507
chr8	3560000	3600000	7.6511294875074665
chr8	3600000	3640000	8.505721503699455
chr8	3680000	3720000	12.501928018342102
chr8	3840000	3880000	10.713642300145704
chr8	3880000	3920000	8.473367264573454
chr8	3960000	4000000	8.275160396719235
chr8	4000000	4040000	7.66116497893417
chr8	4080000	4120000	7.818231989915671
chr8	4120000	4160000	7.797277414184951
chr8	4200000	4240000	10.023860858044669
chr8	4240000	4280000	10.238942750086338
chr8	43080000	43120000	10.648183370773788
chr8	43120000	43160000	7.3282752345450195
chr8	43160000	43200000	9.941524693185308
chr8	43200000	43240000	8.504085434172035
chr8	4320000	4360000	9.136285039037842
chr8	43320000	43360000	7.138997137392512
chr8	43440000	43480000	7.452948110148956
chr8	4360000	4400000	7.449398911744206
chr8	4400000	4440000	7.019213194091398
chr8	4480000	4520000	11.621091795040472
chr8	4520000	4560000	8.61936439344637
chr8	4600000	4640000	10.306993651573382
chr8	46120000	46160000	7.348485213463016
chr8	46160000	46200000	10.559835175591044
chr8	46200000	46240000	13.941044859640298
chr8	46240000	46280000	9.745466823475548
chr8	46320000	46360000	9.075677033178204
chr8	46400000	46440000	7.1750459334822025
chr8	46640000	46680000	8.110843209034865
chr8	46680000	46720000	7.9435475324089015
chr8	46720000	46760000	9.334402779395804
chr8	46760000	46800000	9.890067227740417
chr8	46800000	46840000	8.373222329006193
chr8	4680000	4720000	8.154250784446749
chr8	46840000	46880000	7.4157307285587155
chr8	46880000	46920000	7.3613981924976075
chr8	46920000	46960000	10.816290370538368
chr8	4720000	4760000	7.787467040184937
chr8	47360000	47400000	8.628735037513449
chr8	47720000	47760000	7.189187300545116
chr8	49360000	49400000	7.958338044979161
chr8	53480000	53520000	7.901347787297006
chr8	54160000	54200000	9.19004462158109
chr8	57160000	57200000	7.589547160112102
chr8	57240000	57280000	8.337917599676947
chr8	57840000	57880000	7.251025981801808
chr8	58680000	58720000	7.642229988992006
chr8	640000	680000	8.778310084872379
chr8	65080000	65120000	8.659126777643031
chr8	65640000	65680000	7.795715816281159
chr8	85520000	85560000	7.077879790926643
chr8	93640000	93680000	7.306126610802505
chr8	96280000	96320000	7.63234529605862
chr8	96320000	96360000	9.269058585944947
chr8	97160000	97200000	8.638001918470017
chr9	107840000	107880000	8.925594412570977
chr9	115520000	115560000	9.330502427658793
chr9	120560000	120600000	9.277402120999104
chr9	122760000	122800000	7.732952510109189
chr9	124360000	124400000	9.25080895050937
chr9	128120000	128160000	7.459012864798647
chr9	128760000	128800000	7.975313092554697
chr9	129040000	129080000	8.299534903666261
chr9	137720000	137760000	9.319293441062355
chr9	137800000	137840000	8.32475290229196
chr9	137920000	137960000	9.031236400711748
chr9	16240000	16280000	7.056761784067388
chr9	17000000	17040000	9.341359428547452
chr9	25880000	25920000	7.064782815446898
chr9	32720000	32760000	7.26513485861769
chr9	33000000	33040000	7.476873798826497
chr9	34240000	34280000	7.510485653772119
chr9	37880000	37920000	10.420064899717513
chr9	37960000	38000000	7.866292602015064
chr9	40840000	40880000	8.690580264449093
chr9	5760000	5800000	7.2933881600614425
chr9	6800000	6840000	9.603915949419246
chr9	82880000	82920000	8.72023025212118
chr9	82920000	82960000	7.019064742949627
chr9	83680000	83720000	7.4614191659871025
chr9	83840000	83880000	7.395663207116183
chr9	84320000	84360000	8.259437512142433
chr9	85360000	85400000	7.138183023411334
chr9	87840000	87880000	8.152405848420555
chr9	88920000	88960000	9.29206958370034
chr9	89000000	89040000	7.269646693723352
chr9	92080000	92120000	9.845312780707708
chr9	93640000	93680000	8.53345714633925
chr9	94480000	94520000	9.548762803625321
chr9	94520000	94560000	8.219562805335459
chr9	94560000	94600000	9.667882729632746
chr9	95080000	95120000	9.355896567751804
chr9	96640000	96680000	7.8634605103236055
chr9	96720000	96760000	11.669408405546026
chr9	97320000	97360000	7.367704521573532
chr9	97640000	97680000	8.092807877383141
chr9	98720000	98760000	10.411728582689172
chrX	100800000	100840000	7.721144905171165
chrX	105840000	105880000	7.142105171979266
chrX	125680000	125720000	7.953094479007751
chrX	142080000	142120000	7.5324577712907965
chrX	143000000	143040000	8.65871096392453
chrX	143600000	143640000	7.2451520869864225
chrX	143880000	143920000	7.068336909930672
chrX	144720000	144760000	7.104920740803857
chrX	145040000	145080000	8.464511896277651
chrX	145120000	145160000	9.539689063942289
chrX	145360000	145400000	9.31134516856874
chrX	145480000	145520000	7.250555658135898
chrX	145720000	145760000	7.236304684725973
chrX	145840000	145880000	7.014385783839833
chrX	146080000	146120000	7.898985701094482
chrX	146160000	146200000	7.000119837334488
chrX	146200000	146240000	7.33904185143738
chrX	146400000	146440000	8.330996974718419
chrX	147680000	147720000	7.648230891353196
chrX	31800000	31840000	8.900909250674939
chrX	53120000	53160000	7.142427075105942
chrX	53720000	53760000	7.668277455659759
chrX	55320000	55360000	7.274913432719093
chrX	72200000	72240000	9.189378877377244
chrX	75800000	75840000	7.139747759771893
chrY	10760000	10800000	7.310162946374563
chrY	10960000	11000000	10.959823589824516
chrY	11880000	11920000	7.001545126756519
chrY	12240000	12280000	7.227560414116268
