from.id	from.cord	to.id	to.cord
5	200000	43	1720000
44	1760000	73	2920000
74	2960000	86	3440000
87	3480000	93	3720000
94	3760000	98	3920000
99	3960000	139	5560000
140	5600000	169	6760000
170	6800000	356	14240000
357	14280000	395	15800000
396	15840000	411	16440000
412	16480000	432	17280000
433	17320000	552	22080000
553	22120000	600	24000000
601	24040000	668	26720000
670	26800000	714	28560000
715	28600000	730	29200000
731	29240000	745	29800000
746	29840000	770	30800000
771	30840000	792	31680000
793	31720000	798	31920000
800	32000000	810	32400000
813	32520000	819	32760000
821	32840000	828	33120000
829	33160000	893	35720000
894	35760000	916	36640000
917	36680000	942	37680000
943	37720000	950	38000000
951	38040000	989	39560000
990	39600000	1033	41320000
1034	41360000	1094	43760000
1098	43920000	1118	44720000
1119	44760000	1155	46200000
1156	46240000	1196	47840000
1197	47880000	1244	49760000
1245	49800000	1352	54080000
1353	54120000	1390	55600000
1391	55640000	1425	57000000
1426	57040000	1437	57480000
1438	57520000	1451	58040000
1453	58120000	1469	58760000
1547	61880000	1552	62080000
1554	62160000	1558	62320000
1592	63680000	1596	63840000
1619	64760000	1622	64880000
1688	67520000	1691	67640000
1701	68040000	1818	72720000
1819	72760000	2000	80000000
2001	80040000	2043	81720000
2044	81760000	2288	91520000
2289	91560000	2327	93080000
2328	93120000	2345	93800000
2346	93840000	2351	94040000
2352	94080000	2391	95640000
2395	95800000	2424	96960000
2425	97000000	2475	99000000
2476	99040000	2484	99360000
2485	99400000	2514	100560000
2515	100600000	2536	101440000
2537	101480000	2562	102480000
2563	102520000	2582	103280000
2583	103320000	2772	110880000
2773	110920000	2794	111760000
2795	111800000	2810	112400000
2811	112440000	2825	113000000
2826	113040000	2886	115440000
2887	115480000	2899	115960000
2900	116000000	3118	124720000
3119	124760000	3158	126320000
3159	126360000	3181	127240000
3182	127280000	3191	127640000
3192	127680000	3219	128760000
3220	128800000	3388	135520000
3389	135560000	3417	136680000
3418	136720000	3743	149720000
3744	149760000	3768	150720000
3769	150760000	3811	152440000
3812	152480000	3823	152920000
3824	152960000	3922	156880000
3923	156920000	3936	157440000
3942	157680000	3953	158120000
3954	158160000	3965	158600000
3966	158640000	3982	159280000
3983	159320000	4119	164760000
4120	164800000	4136	165440000
4137	165480000	4144	165760000
4145	165800000	4162	166480000
4163	166520000	4177	167080000
