from.id	from.cord	to.id	to.cord
6	240000	153	6120000
154	6160000	181	7240000
185	7400000	190	7600000
193	7720000	207	8280000
208	8320000	271	10840000
272	10880000	291	11640000
292	11680000	362	14480000
363	14520000	372	14880000
375	15000000	387	15480000
388	15520000	426	17040000
427	17080000	443	17720000
444	17760000	501	20040000
502	20080000	512	20480000
514	20560000	521	20840000
523	20920000	559	22360000
560	22400000	614	24560000
693	27720000	699	27960000
700	28000000	780	31200000
781	31240000	830	33200000
831	33240000	865	34600000
866	34640000	883	35320000
884	35360000	905	36200000
906	36240000	913	36520000
914	36560000	918	36720000
920	36800000	930	37200000
931	37240000	943	37720000
945	37800000	1008	40320000
1009	40360000	1017	40680000
1018	40720000	1032	41280000
1033	41320000	1060	42400000
1061	42440000	1074	42960000
1077	43080000	1085	43400000
1089	43560000	1108	44320000
1109	44360000	1196	47840000
1197	47880000	1215	48600000
1216	48640000	1247	49880000
1248	49920000	1272	50880000
1273	50920000	1283	51320000
1284	51360000	1290	51600000
1375	55000000	1378	55120000
