from.id	from.cord	to.id	to.cord
4	160000	28	1120000
30	1200000	81	3240000
84	3360000	106	4240000
108	4320000	302	12080000
303	12120000	316	12640000
317	12680000	370	14800000
371	14840000	389	15560000
390	15600000	402	16080000
403	16120000	424	16960000
425	17000000	441	17640000
442	17680000	447	17880000
448	17920000	457	18280000
458	18320000	518	20720000
519	20760000	927	37080000
928	37120000	978	39120000
979	39160000	994	39760000
995	39800000	1016	40640000
1017	40680000	1036	41440000
1037	41480000	1090	43600000
1091	43640000	1103	44120000
1104	44160000	1123	44920000
1124	44960000	1154	46160000
1155	46200000	1167	46680000
1168	46720000	1268	50720000
1280	51200000	1289	51560000
1370	54800000	1732	69280000
1733	69320000	1742	69680000
1744	69760000	1750	70000000
1754	70160000	1769	70760000
1770	70800000	1777	71080000
1778	71120000	1789	71560000
1790	71600000	1803	72120000
1804	72160000	1817	72680000
1818	72720000	1850	74000000
1851	74040000	1857	74280000
1858	74320000	1882	75280000
1883	75320000	1903	76120000
1904	76160000	1913	76520000
1914	76560000	1917	76680000
1922	76880000	1926	77040000
1953	78120000	1957	78280000
1964	78560000	1967	78680000
1987	79480000	1990	79600000
2083	83320000	2101	84040000
2102	84080000	2130	85200000
2131	85240000	2191	87640000
2193	87720000	2201	88040000
2202	88080000	2236	89440000
2247	89880000	2258	90320000
2259	90360000	2273	90920000
2274	90960000	2282	91280000
2283	91320000	2299	91960000
2301	92040000	2328	93120000
2329	93160000	2354	94160000
2355	94200000	2407	96280000
2411	96440000	2427	97080000
2428	97120000	2481	99240000
2482	99280000	2498	99920000
2499	99960000	2514	100560000
2525	101000000	2541	101640000
2542	101680000	2584	103360000
2585	103400000	2640	105600000
2641	105640000	2675	107000000
2676	107040000	2867	114680000
2868	114720000	2893	115720000
2894	115760000	2974	118960000
2975	119000000	3015	120600000
3016	120640000	3025	121000000
3026	121040000	3040	121600000
3041	121640000	3081	123240000
3082	123280000	3090	123600000
3091	123640000	3115	124600000
3116	124640000	3262	130480000
