from.id	from.cord	to.id	to.cord
1	40000	81	3240000
82	3280000	102	4080000
103	4120000	180	7200000
181	7240000	212	8480000
213	8520000	220	8800000
221	8840000	225	9000000
226	9040000	249	9960000
250	10000000	263	10520000
264	10560000	291	11640000
292	11680000	307	12280000
308	12320000	318	12720000
319	12760000	344	13760000
345	13800000	354	14160000
355	14200000	384	15360000
462	18480000	470	18800000
472	18880000	475	19000000
477	19080000	482	19280000
559	22360000	563	22520000
564	22560000	586	23440000
587	23480000	686	27440000
687	27480000	790	31600000
791	31640000	806	32240000
807	32280000	846	33840000
847	33880000	875	35000000
876	35040000	955	38200000
956	38240000	1002	40080000
1003	40120000	1029	41160000
1030	41200000	1169	46760000
1170	46800000	1184	47360000
1185	47400000	1191	47640000
1192	47680000	1210	48400000
1211	48440000	1261	50440000
1262	50480000	1278	51120000
1279	51160000	1301	52040000
1305	52200000	1308	52320000
1309	52360000	1355	54200000
1356	54240000	1396	55840000
1397	55880000	1438	57520000
1439	57560000	1484	59360000
1485	59400000	1499	59960000
1500	60000000	1684	67360000
1685	67400000	1702	68080000
1703	68120000	1718	68720000
1719	68760000	1726	69040000
1727	69080000	1740	69600000
1741	69640000	1784	71360000
1785	71400000	1798	71920000
1799	71960000	1806	72240000
1808	72320000	1819	72760000
1820	72800000	1839	73560000
1840	73600000	1862	74480000
1863	74520000	1867	74680000
