from.id	from.cord	to.id	to.cord
2	80000	29	1160000
30	1200000	79	3160000
83	3320000	122	4880000
123	4920000	235	9400000
236	9440000	254	10160000
255	10200000	279	11160000
280	11200000	306	12240000
307	12280000	342	13680000
343	13720000	357	14280000
358	14320000	376	15040000
377	15080000	422	16880000
423	16920000	444	17760000
457	18280000	485	19400000
486	19440000	514	20560000
515	20600000	596	23840000
597	23880000	633	25320000
634	25360000	733	29320000
734	29360000	755	30200000
756	30240000	783	31320000
784	31360000	824	32960000
825	33000000	851	34040000
852	34080000	907	36280000
908	36320000	940	37600000
941	37640000	970	38800000
972	38880000	978	39120000
1059	42360000	1063	42520000
1065	42600000	1071	42840000
1072	42880000	1155	46200000
1175	47000000	1178	47120000
1188	47520000	1192	47680000
1207	48280000	1216	48640000
1234	49360000	1250	50000000
1251	50040000	1259	50360000
1260	50400000	1266	50640000
1267	50680000	1278	51120000
1302	52080000	1310	52400000
1316	52640000	1347	53880000
1349	53960000	1370	54800000
1372	54880000	1382	55280000
1384	55360000	1399	55960000
1400	56000000	1430	57200000
1431	57240000	1511	60440000
1512	60480000	1525	61000000
1526	61040000	1801	72040000
1802	72080000	1895	75800000
1896	75840000	1899	75960000
1900	76000000	1914	76560000
1915	76600000	2156	86240000
2157	86280000	2173	86920000
2174	86960000	2186	87440000
2187	87480000	2193	87720000
2194	87760000	2212	88480000
2213	88520000	2220	88800000
2221	88840000	2225	89000000
2231	89240000	2258	90320000
2259	90360000	2310	92400000
2311	92440000	2451	98040000
2452	98080000	2479	99160000
2480	99200000	2545	101800000
2546	101840000	2570	102800000
2573	102920000	2599	103960000
2600	104000000	2667	106680000
2668	106720000	2690	107600000
2691	107640000	2872	114880000
2873	114920000	2931	117240000
2932	117280000	2981	119240000
2982	119280000	3011	120440000
3012	120480000	3122	124880000
3123	124920000	3127	125080000
3128	125120000	3137	125480000
3138	125520000	3146	125840000
3148	125920000	3187	127480000
3188	127520000	3196	127840000
3197	127880000	3215	128600000
