from.id	from.cord	to.id	to.cord
0	0	7	280000
10	400000	16	640000
17	680000	28	1120000
29	1160000	109	4360000
110	4400000	122	4880000
123	4920000	174	6960000
175	7000000	189	7560000
190	7600000	245	9800000
246	9840000	265	10600000
266	10640000	379	15160000
380	15200000	394	15760000
395	15800000	408	16320000
409	16360000	431	17240000
432	17280000	451	18040000
452	18080000	473	18920000
478	19120000	509	20360000
511	20440000	538	21520000
542	21680000	556	22240000
631	25240000	861	34440000
870	34800000	873	34920000
874	34960000	893	35720000
894	35760000	927	37080000
928	37120000	939	37560000
940	37600000	1002	40080000
1003	40120000	1014	40560000
1015	40600000	1027	41080000
1028	41120000	1033	41320000
1034	41360000	1048	41920000
1049	41960000	1089	43560000
1091	43640000	1100	44000000
1101	44040000	1109	44360000
1119	44760000	1124	44960000
1125	45000000	1135	45400000
1136	45440000	1191	47640000
1192	47680000	1201	48040000
1202	48080000	1313	52520000
1314	52560000	1320	52800000
1321	52840000	1344	53760000
1348	53920000	1351	54040000
1355	54200000	1370	54800000
1372	54880000	1406	56240000
1408	56320000	1425	57000000
1426	57040000	1439	57560000
1440	57600000	1472	58880000
1473	58920000	1479	59160000
1480	59200000	1498	59920000
1499	59960000	1514	60560000
1515	60600000	1531	61240000
1532	61280000	1717	68680000
1718	68720000	1729	69160000
1730	69200000	1749	69960000
1750	70000000	1770	70800000
1771	70840000	1923	76920000
