from.id	from.cord	to.id	to.cord
500	20000000	504	20160000
510	20400000	515	20600000
557	22280000	564	22560000
566	22640000	581	23240000
590	23600000	713	28520000
723	28920000	728	29120000
730	29200000	759	30360000
772	30880000	811	32440000
822	32880000	866	34640000
868	34720000	1098	43920000
1100	44000000	1155	46200000
1156	46240000	1166	46640000
1167	46680000	1174	46960000
1175	47000000	1220	48800000
1221	48840000	1357	54280000
1358	54320000	1364	54560000
1365	54600000	1379	55160000
1380	55200000	1417	56680000
1418	56720000	1435	57400000
1436	57440000	1467	58680000
1468	58720000	1492	59680000
1493	59720000	1526	61040000
1527	61080000	1559	62360000
1560	62400000	1583	63320000
1584	63360000	1600	64000000
1601	64040000	1604	64160000
1605	64200000	1614	64560000
1615	64600000	1681	67240000
1684	67360000	1687	67480000
1688	67520000	1708	68320000
1709	68360000	1720	68800000
1721	68840000	1732	69280000
1733	69320000	1810	72400000
1811	72440000	1822	72880000
1824	72960000	1851	74040000
1852	74080000	1911	76440000
1912	76480000	1957	78280000
