from.id	from.cord	to.id	to.cord
1	40000	24	960000
25	1000000	43	1720000
44	1760000	179	7160000
181	7240000	231	9240000
232	9280000	248	9920000
249	9960000	457	18280000
458	18320000	491	19640000
494	19760000	536	21440000
537	21480000	571	22840000
572	22880000	626	25040000
627	25080000	658	26320000
659	26360000	697	27880000
698	27920000	738	29520000
739	29560000	776	31040000
777	31080000	796	31840000
797	31880000	814	32560000
815	32600000	823	32920000
824	32960000	861	34440000
862	34480000	871	34840000
946	37840000	1168	46720000
1169	46760000	1183	47320000
1184	47360000	1289	51560000
1290	51600000	1301	52040000
1303	52120000	1307	52280000
1312	52480000	1324	52960000
1325	53000000	1335	53400000
1337	53480000	1353	54120000
1354	54160000	1360	54400000
1361	54440000	1365	54600000
1380	55200000	1388	55520000
1390	55600000	1402	56080000
1404	56160000	1421	56840000
1423	56920000	1426	57040000
1428	57120000	1434	57360000
1443	57720000	1458	58320000
1460	58400000	1473	58920000
1475	59000000	1481	59240000
1483	59320000	1522	60880000
1524	60960000	1534	61360000
1535	61400000	1570	62800000
1571	62840000	1642	65680000
1643	65720000	1695	67800000
1696	67840000	1828	73120000
1829	73160000	1854	74160000
1855	74200000	1892	75680000
1893	75720000	1932	77280000
1933	77320000	1951	78040000
1952	78080000	2116	84640000
2117	84680000	2126	85040000
2127	85080000	2142	85680000
2143	85720000	2152	86080000
2153	86120000	2232	89280000
2233	89320000	2286	91440000
2287	91480000	2310	92400000
2311	92440000	2337	93480000
2338	93520000	2359	94360000
2360	94400000	2437	97480000
2438	97520000	2474	98960000
2475	99000000	2498	99920000
2499	99960000	2509	100360000
2510	100400000	2546	101840000
2547	101880000	2559	102360000
2560	102400000	2590	103600000
2591	103640000	2604	104160000
2605	104200000	2632	105280000
2633	105320000	2658	106320000
2659	106360000	2949	117960000
2950	118000000	2985	119400000
2986	119440000	3003	120120000
3004	120160000	3015	120600000
3017	120680000	3033	121320000
3034	121360000	3187	127480000
3188	127520000	3207	128280000
3208	128320000	3223	128920000
3224	128960000	3263	130520000
