from.id	from.cord	to.id	to.cord
0	0	12	480000
13	520000	35	1400000
38	1520000	44	1760000
45	1800000	122	4880000
123	4920000	165	6600000
167	6680000	178	7120000
179	7160000	194	7760000
195	7800000	228	9120000
234	9360000	345	13800000
346	13840000	386	15440000
387	15480000	411	16440000
412	16480000	442	17680000
443	17720000	471	18840000
472	18880000	523	20920000
524	20960000	680	27200000
681	27240000	698	27920000
699	27960000	773	30920000
774	30960000	796	31840000
797	31880000	911	36440000
912	36480000	941	37640000
942	37680000	1232	49280000
1317	52680000	1320	52800000
1322	52880000	1332	53280000
1334	53360000	1351	54040000
1354	54160000	1358	54320000
1360	54400000	1372	54880000
1374	54960000	1377	55080000
1379	55160000	1382	55280000
1389	55560000	1395	55800000
1398	55920000	1403	56120000
1405	56200000	1408	56320000
1410	56400000	1430	57200000
1432	57280000	1436	57440000
1438	57520000	1445	57800000
1447	57880000	1450	58000000
1453	58120000	1478	59120000
1480	59200000	1489	59560000
1491	59640000	1495	59800000
1497	59880000	1504	60160000
1506	60240000	1513	60520000
1515	60600000	1519	60760000
1522	60880000	1526	61040000
1528	61120000	1531	61240000
1542	61680000	1545	61800000
1546	61840000	1550	62000000
1552	62080000	1577	63080000
1579	63160000	1586	63440000
1588	63520000	1597	63880000
1599	63960000	1611	64440000
1613	64520000	1626	65040000
1627	65080000	1677	67080000
1678	67120000	1723	68920000
1724	68960000	1734	69360000
1737	69480000	1881	75240000
1887	75480000	2182	87280000
2183	87320000	2200	88000000
2201	88040000	2256	90240000
2257	90280000	2286	91440000
2287	91480000	2370	94800000
2371	94840000	2419	96760000
2420	96800000	2491	99640000
2492	99680000	2522	100880000
2523	100920000	2542	101680000
2543	101720000	2566	102640000
2567	102680000	2768	110720000
2769	110760000	2813	112520000
2814	112560000	2914	116560000
2915	116600000	2928	117120000
2929	117160000	2937	117480000
2938	117520000	2947	117880000
2948	117920000	2982	119280000
2983	119320000	3022	120880000
3023	120920000	3078	123120000
3079	123160000	3104	124160000
3105	124200000	3114	124560000
3115	124600000	3146	125840000
3147	125880000	3178	127120000
3179	127160000	3245	129800000
3246	129840000	3308	132320000
3309	132360000	3370	134800000
3371	134840000	3416	136640000
3417	136680000	3431	137240000
3432	137280000	3461	138440000
3462	138480000	3488	139520000
3489	139560000	3555	142200000
3556	142240000	3587	143480000
3588	143520000	3641	145640000
3642	145680000	3693	147720000
3694	147760000	3957	158280000
3958	158320000	3977	159080000
3978	159120000	4099	163960000
4100	164000000	4174	166960000
4175	167000000	4197	167880000
4198	167920000	4214	168560000
4215	168600000	4232	169280000
4233	169320000	4250	170000000
4251	170040000	4267	170680000
4268	170720000	4365	174600000
4366	174640000	4435	177400000
4436	177440000	4450	178000000
4451	178040000	4472	178880000
4473	178920000	4639	185560000
4640	185600000	4682	187280000
