from.id	from.cord	to.id	to.cord
4	160000	7	280000
8	320000	45	1800000
46	1840000	54	2160000
55	2200000	104	4160000
105	4200000	125	5000000
126	5040000	170	6800000
172	6880000	175	7000000
202	8080000	205	8200000
207	8280000	218	8720000
220	8800000	297	11880000
309	12360000	345	13800000
346	13840000	369	14760000
370	14800000	398	15920000
399	15960000	456	18240000
457	18280000	510	20400000
511	20440000	531	21240000
532	21280000	536	21440000
537	21480000	574	22960000
575	23000000	591	23640000
592	23680000	602	24080000
603	24120000	709	28360000
710	28400000	721	28840000
722	28880000	759	30360000
760	30400000	779	31160000
780	31200000	806	32240000
807	32280000	816	32640000
817	32680000	842	33680000
843	33720000	947	37880000
948	37920000	970	38800000
971	38840000	1023	40920000
1024	40960000	1065	42600000
1066	42640000	1095	43800000
1171	46840000	1179	47160000
1180	47200000	1201	48040000
1202	48080000	1276	51040000
1278	51120000	1491	59640000
1492	59680000	1517	60680000
1518	60720000	1522	60880000
1523	60920000	1534	61360000
1535	61400000	1551	62040000
1552	62080000	1589	63560000
1590	63600000	1595	63800000
1596	63840000	1629	65160000
1630	65200000	1768	70720000
1769	70760000	1811	72440000
1812	72480000	1839	73560000
1840	73600000	1869	74760000
1870	74800000	2000	80000000
2001	80040000	2019	80760000
2020	80800000	2163	86520000
2171	86840000	2191	87640000
2192	87680000	2231	89240000
2232	89280000	2251	90040000
2252	90080000	2301	92040000
2302	92080000	2380	95200000
2381	95240000	2415	96600000
2416	96640000	2713	108520000
2714	108560000	2732	109280000
2733	109320000	2784	111360000
2785	111400000	2809	112360000
2810	112400000	2833	113320000
2834	113360000	2857	114280000
2858	114320000	2882	115280000
2883	115320000	2932	117280000
2933	117320000	3007	120280000
3008	120320000	3042	121680000
3043	121720000	3071	122840000
3072	122880000	3075	123000000
3076	123040000	3086	123440000
3103	124120000	3106	124240000
3113	124520000	3116	124640000
3144	125760000	3148	125920000
3190	127600000	3195	127800000
3220	128800000	3224	128960000
3238	129520000	3242	129680000
3248	129920000	3252	130080000
3254	130160000	3264	130560000
3267	130680000	3274	130960000
3284	131360000	3308	132320000
3309	132360000	3317	132680000
3318	132720000	3322	132880000
3323	132920000	3331	133240000
3332	133280000	3339	133560000
3340	133600000	3381	135240000
3382	135280000	3539	141560000
