from.id	from.cord	to.id	to.cord
1	40000	36	1440000
42	1680000	72	2880000
73	2920000	115	4600000
116	4640000	129	5160000
130	5200000	154	6160000
155	6200000	198	7920000
199	7960000	219	8760000
220	8800000	322	12880000
323	12920000	353	14120000
354	14160000	420	16800000
421	16840000	438	17520000
439	17560000	502	20080000
503	20120000	516	20640000
527	21080000	530	21200000
592	23680000	604	24160000
605	24200000	625	25000000
626	25040000	631	25240000
632	25280000	643	25720000
735	29400000	738	29520000
745	29800000	842	33680000
843	33720000	854	34160000
855	34200000	866	34640000
867	34680000	930	37200000
931	37240000	934	37360000
935	37400000	987	39480000
988	39520000	1000	40000000
1001	40040000	1013	40520000
1014	40560000	1036	41440000
1037	41480000	1066	42640000
1067	42680000	1073	42920000
1074	42960000	1091	43640000
1092	43680000	1123	44920000
1124	44960000	1135	45400000
1136	45440000	1154	46160000
1155	46200000	1164	46560000
1165	46600000	1171	46840000
1172	46880000	1181	47240000
1182	47280000	1194	47760000
1195	47800000	1228	49120000
1229	49160000	1240	49600000
1241	49640000	1297	51880000
1298	51920000	1313	52520000
1314	52560000	1323	52920000
1324	52960000	1415	56600000
1416	56640000	1456	58240000
1457	58280000	1489	59560000
