from.id	from.cord	to.id	to.cord
0	0	959	38360000
961	38440000	964	38560000
984	39360000	998	39920000
999	39960000	1289	51560000
1290	51600000	1321	52840000
1322	52880000	1340	53600000
1341	53640000	1346	53840000
1347	53880000	1350	54000000
1351	54040000	1359	54360000
1360	54400000	1374	54960000
1375	55000000	1420	56800000
1421	56840000	1450	58000000
1451	58040000	1467	58680000
1468	58720000	1486	59440000
1487	59480000	1550	62000000
1551	62040000	1590	63600000
1591	63640000	1618	64720000
1619	64760000	1663	66520000
1664	66560000	1682	67280000
1683	67320000	1688	67520000
1689	67560000	1807	72280000
1808	72320000	1824	72960000
1825	73000000	1838	73520000
1839	73560000	1876	75040000
1877	75080000	2091	83640000
2092	83680000	2136	85440000
2137	85480000	2168	86720000
2172	86880000	2178	87120000
2179	87160000	2261	90440000
2262	90480000	2315	92600000
2316	92640000	2341	93640000
2342	93680000	2387	95480000
