from.id	from.cord	to.id	to.cord
0	0	45	1800000
46	1840000	80	3200000
81	3240000	92	3680000
93	3720000	99	3960000
100	4000000	125	5000000
130	5200000	176	7040000
177	7080000	330	13200000
331	13240000	380	15200000
381	15240000	394	15760000
395	15800000	406	16240000
411	16440000	422	16880000
423	16920000	504	20160000
505	20200000	524	20960000
525	21000000	533	21320000
534	21360000	567	22680000
568	22720000	601	24040000
602	24080000	632	25280000
633	25320000	662	26480000
663	26520000	685	27400000
686	27440000	699	27960000
700	28000000	730	29200000
731	29240000	1002	40080000
1003	40120000	1053	42120000
1054	42160000	1067	42680000
1068	42720000	1077	43080000
1078	43120000	1132	45280000
1133	45320000	1148	45920000
1149	45960000	1181	47240000
1182	47280000	1357	54280000
1358	54320000	1376	55040000
1377	55080000	1390	55600000
1486	59440000	1490	59600000
1496	59840000	1499	59960000
1559	62360000	1563	62520000
1569	62760000	1608	64320000
1609	64360000	1634	65360000
1638	65520000	1648	65920000
1649	65960000	1669	66760000
1670	66800000	1709	68360000
1710	68400000	1719	68760000
1720	68800000	1732	69280000
1733	69320000	1795	71800000
1796	71840000	1829	73160000
1830	73200000	1838	73520000
1839	73560000	2130	85200000
2131	85240000	2142	85680000
2143	85720000	2167	86680000
2168	86720000	2178	87120000
2207	88280000	2211	88440000
2214	88560000	2238	89520000
2250	90000000	2253	90120000
2291	91640000	2298	91920000
2301	92040000	2304	92160000
2383	95320000	2401	96040000
2408	96320000	2447	97880000
2454	98160000	2675	107000000
2677	107080000	2752	110080000
2756	110240000	2762	110480000
2771	110840000	2774	110960000
2784	111360000	2801	112040000
2803	112120000	2812	112480000
2813	112520000	2827	113080000
2829	113160000	2835	113400000
2836	113440000	2937	117480000
2938	117520000	2941	117640000
2942	117680000	2960	118400000
2961	118440000	2968	118720000
2972	118880000	2979	119160000
2980	119200000	3021	120840000
3022	120880000	3059	122360000
3060	122400000	3131	125240000
3132	125280000	3270	130800000
3272	130880000	3278	131120000
3286	131440000	3299	131960000
3301	132040000	3398	135920000
3399	135960000	3442	137680000
3443	137720000	3567	142680000
3568	142720000	3591	143640000
3592	143680000	3665	146600000
3666	146640000	3721	148840000
3722	148880000	3742	149680000
3744	149760000	4016	160640000
4017	160680000	4081	163240000
4082	163280000	4129	165160000
4130	165200000	4471	178840000
4472	178880000	4486	179440000
4487	179480000	4501	180040000
4502	180080000	4910	196400000
4911	196440000	4934	197360000
4935	197400000	4938	197520000
4939	197560000	4974	198960000
4975	199000000	5115	204600000
5116	204640000	5156	206240000
5157	206280000	5298	211920000
5299	211960000	5347	213880000
5348	213920000	5527	221080000
5528	221120000	5561	222440000
5562	222480000	5597	223880000
5598	223920000	5771	230840000
5772	230880000	5796	231840000
5797	231880000	5849	233960000
5851	234040000	5895	235800000
