from.id	from.cord	to.id	to.cord
0	0	10	400000
11	440000	41	1640000
42	1680000	196	7840000
197	7880000	255	10200000
256	10240000	260	10400000
262	10480000	265	10600000
266	10640000	307	12280000
308	12320000	438	17520000
440	17600000	445	17800000
446	17840000	520	20800000
521	20840000	611	24440000
612	24480000	688	27520000
689	27560000	744	29760000
745	29800000	784	31360000
785	31400000	934	37360000
935	37400000	990	39600000
991	39640000	1159	46360000
1236	49440000	1480	59200000
1481	59240000	1520	60800000
1521	60840000	1554	62160000
1555	62200000	1616	64640000
1617	64680000	1664	66560000
1665	66600000	1696	67840000
1697	67880000	1714	68560000
1715	68600000	1720	68800000
1766	70640000	1773	70920000
1774	70960000	1778	71120000
1779	71160000	1784	71360000
1785	71400000	1810	72400000
1811	72440000	1830	73200000
1831	73240000	1976	79040000
1977	79080000	2025	81000000
2026	81040000	2194	87760000
2195	87800000	2281	91240000
2282	91280000	2290	91600000
2292	91680000	2322	92880000
2323	92920000	2366	94640000
2367	94680000	2478	99120000
2479	99160000	2496	99840000
2497	99880000	2517	100680000
2518	100720000	2535	101400000
2536	101440000	2583	103320000
2584	103360000	2614	104560000
2615	104600000	2670	106800000
2671	106840000	2693	107720000
2694	107760000	2798	111920000
2799	111960000	2802	112080000
2804	112160000	2827	113080000
2829	113160000	2835	113400000
2837	113480000	2900	116000000
2902	116080000	2908	116320000
2910	116400000	2915	116600000
2917	116680000	2925	117000000
2927	117080000	2964	118560000
2966	118640000	2982	119280000
2983	119320000	3014	120560000
3015	120600000	3080	123200000
3081	123240000	3091	123640000
3092	123680000	3159	126360000
3160	126400000	3191	127640000
3192	127680000	3270	130800000
3271	130840000	3294	131760000
3295	131800000	3432	137280000
3433	137320000	3455	138200000
3456	138240000	3469	138760000
3471	138840000	3492	139680000
3493	139720000	3760	150400000
3761	150440000	3804	152160000
3805	152200000	3841	153640000
3842	153680000	3876	155040000
3877	155080000	3936	157440000
3937	157480000	3968	158720000
3969	158760000	3982	159280000
3983	159320000	4038	161520000
4039	161560000	4053	162120000
4054	162160000	4108	164320000
4109	164360000	4120	164800000
4121	164840000	4195	167800000
4198	167920000	4283	171320000
4284	171360000	4321	172840000
4322	172880000	4349	173960000
4350	174000000	4391	175640000
