from.id	from.cord	to.id	to.cord
504	20160000	982	39280000
984	39360000	1001	40040000
1002	40080000	1016	40640000
1017	40680000	1120	44800000
1121	44840000	1137	45480000
1138	45520000	1144	45760000
1145	45800000	1186	47440000
1187	47480000	1226	49040000
1227	49080000	1272	50880000
1273	50920000	1439	57560000
1440	57600000	1456	58240000
1457	58280000	1485	59400000
1486	59440000	1495	59800000
1496	59840000	1523	60920000
1524	60960000	1560	62400000
1561	62440000	1631	65240000
1632	65280000	1642	65680000
1643	65720000	1748	69920000
1749	69960000	1815	72600000
1816	72640000	1843	73720000
1844	73760000	1868	74720000
1869	74760000	1944	77760000
1945	77800000	1964	78560000
1965	78600000	1970	78800000
1971	78840000	1986	79440000
1987	79480000	1999	79960000
2000	80000000	2021	80840000
2022	80880000	2041	81640000
2042	81680000	2062	82480000
2063	82520000	2092	83680000
2093	83720000	2136	85440000
2137	85480000	2169	86760000
2170	86800000	2183	87320000
