from.id	from.cord	to.id	to.cord
67	2680000	93	3720000
96	3840000	164	6560000
165	6600000	190	7600000
192	7680000	216	8640000
217	8680000	462	18480000
463	18520000	488	19520000
489	19560000	555	22200000
563	22520000	566	22640000
571	22840000	582	23280000
585	23400000	589	23560000
632	25280000	642	25680000
643	25720000	646	25840000
663	26520000	666	26640000
675	27000000	679	27160000
723	28920000	726	29040000
740	29600000	743	29720000
752	30080000	755	30200000
759	30360000	820	32800000
821	32840000	835	33400000
838	33520000	878	35120000
879	35160000	927	37080000
929	37160000	1104	44160000
1105	44200000	1161	46440000
1162	46480000	1205	48200000
1207	48280000	1228	49120000
1234	49360000	1251	50040000
1252	50080000	1274	50960000
1275	51000000	1297	51880000
1299	51960000	1302	52080000
1314	52560000	1317	52680000
1325	53000000	1361	54440000
1362	54480000	1377	55080000
1378	55120000	1386	55440000
1389	55560000	1409	56360000
1410	56400000	1413	56520000
1419	56760000	1456	58240000
1458	58320000	1461	58440000
1542	61680000	1558	62320000
1562	62480000	1598	63920000
1599	63960000	1631	65240000
1634	65360000	1721	68840000
1722	68880000	1738	69520000
1739	69560000	1772	70880000
1775	71000000	1798	71920000
1805	72200000	1835	73400000
1836	73440000	1872	74880000
1873	74920000	1885	75400000
1886	75440000	1903	76120000
1904	76160000	2031	81240000
2032	81280000	2071	82840000
2072	82880000	2121	84840000
2122	84880000	2156	86240000
2157	86280000	2185	87400000
2186	87440000	2205	88200000
2206	88240000	2214	88560000
2235	89400000	2241	89640000
2243	89720000	2268	90720000
2270	90800000	2277	91080000
2278	91120000	2294	91760000
2296	91840000	2307	92280000
2308	92320000	2321	92840000
2322	92880000	2364	94560000
2365	94600000	2414	96560000
2426	97040000	2515	100600000
2516	100640000	2535	101400000
2543	101720000	2570	102800000
2571	102840000	2593	103720000
2594	103760000	2613	104520000
2614	104560000	2668	106720000
2669	106760000	2698	107920000
2699	107960000	2722	108880000
2723	108920000	2742	109680000
2743	109720000	2774	110960000
2775	111000000	2793	111720000
2797	111880000	2837	113480000
2839	113560000	2848	113920000
2849	113960000	2860	114400000
2861	114440000	2873	114920000
2875	115000000	2891	115640000
2894	115760000	2951	118040000
2952	118080000	2962	118480000
2963	118520000	2978	119120000
2983	119320000	2999	119960000
3003	120120000	3074	122960000
3075	123000000	3088	123520000
3091	123640000	3106	124240000
3108	124320000	3150	126000000
3152	126080000	3181	127240000
3182	127280000	3211	128440000
3218	128720000	3272	130880000
3273	130920000	3301	132040000
3302	132080000	3324	132960000
3325	133000000	3341	133640000
3342	133680000	3355	134200000
3360	134400000	3370	134800000
3374	134960000	3423	136920000
3424	136960000	3490	139600000
3491	139640000	3501	140040000
3505	140200000	3513	140520000
3517	140680000	3521	140840000
3522	140880000	3578	143120000
3582	143280000	3587	143480000
3589	143560000	3605	144200000
3606	144240000	3625	145000000
