from.id	from.cord	to.id	to.cord
1	40000	5	200000
9	360000	25	1000000
26	1040000	70	2800000
71	2840000	121	4840000
122	4880000	148	5920000
150	6000000	169	6760000
171	6840000	312	12480000
313	12520000	336	13440000
337	13480000	380	15200000
381	15240000	397	15880000
398	15920000	407	16280000
408	16320000	445	17800000
446	17840000	471	18840000
472	18880000	496	19840000
497	19880000	520	20800000
521	20840000	542	21680000
543	21720000	557	22280000
558	22320000	592	23680000
593	23720000	611	24440000
612	24480000	624	24960000
625	25000000	650	26000000
651	26040000	683	27320000
684	27360000	707	28280000
708	28320000	726	29040000
727	29080000	747	29880000
748	29920000	782	31280000
783	31320000	816	32640000
817	32680000	880	35200000
881	35240000	895	35800000
896	35840000	1008	40320000
1009	40360000	1049	41960000
1050	42000000	1076	43040000
1077	43080000	1093	43720000
1094	43760000	1207	48280000
1208	48320000	1256	50240000
1257	50280000	1290	51600000
1291	51640000	1374	54960000
1375	55000000	1421	56840000
1428	57120000	1450	58000000
1543	61720000	1547	61880000
1549	61960000	1568	62720000
1581	63240000	1624	64960000
1629	65160000	1660	66400000
1661	66440000	1680	67200000
1681	67240000	1684	67360000
1686	67440000	1692	67680000
1693	67720000	1719	68760000
1720	68800000	1737	69480000
1741	69640000	1772	70880000
1773	70920000	1781	71240000
1782	71280000	1810	72400000
1816	72640000	1838	73520000
1839	73560000	1853	74120000
1876	75040000	1915	76600000
1917	76680000	1965	78600000
1966	78640000	1990	79600000
1991	79640000	2075	83000000
2076	83040000	2109	84360000
2110	84400000	2125	85000000
2126	85040000	2164	86560000
2165	86600000	2196	87840000
2197	87880000	2224	88960000
2225	89000000	2253	90120000
2254	90160000	2270	90800000
2271	90840000	2292	91680000
2293	91720000	2308	92320000
2309	92360000	2332	93280000
2333	93320000	2381	95240000
2382	95280000	2422	96880000
2423	96920000	2441	97640000
2442	97680000	2513	100520000
2516	100640000	2552	102080000
2561	102440000	2619	104760000
2620	104800000	2634	105360000
2635	105400000	3113	124520000
3114	124560000	3153	126120000
3188	127520000	3191	127640000
3212	128480000	3215	128600000
3256	130240000	3428	137120000
3429	137160000	3454	138160000
3455	138200000	3556	142240000
3558	142320000	3580	143200000
3588	143520000	3596	143840000
3602	144080000	3767	150680000
3768	150720000	3818	152720000
