from.id	from.cord	to.id	to.cord
2	80000	51	2040000
52	2080000	59	2360000
60	2400000	64	2560000
66	2640000	215	8600000
221	8840000	237	9480000
238	9520000	326	13040000
328	13120000	336	13440000
337	13480000	353	14120000
354	14160000	369	14760000
376	15040000	380	15200000
385	15400000	388	15520000
395	15800000	408	16320000
414	16560000	418	16720000
421	16840000	424	16960000
425	17000000	430	17200000
431	17240000	434	17360000
437	17480000	449	17960000
450	18000000	457	18280000
468	18720000	480	19200000
481	19240000	493	19720000
494	19760000	500	20000000
501	20040000	534	21360000
537	21480000	545	21800000
548	21920000	560	22400000
563	22520000	661	26440000
662	26480000	696	27840000
697	27880000	708	28320000
712	28480000	716	28640000
725	29000000	735	29400000
742	29680000	754	30160000
758	30320000	780	31200000
781	31240000	794	31760000
795	31800000	799	31960000
800	32000000	813	32520000
833	33320000	840	33600000
845	33800000	850	34000000
854	34160000	881	35240000
1159	46360000	1614	64560000
1615	64600000	1644	65760000
1645	65800000	1681	67240000
1682	67280000	1754	70160000
1755	70200000	1765	70600000
1766	70640000	1776	71040000
1777	71080000	1788	71520000
1789	71560000	1813	72520000
1814	72560000	1881	75240000
1882	75280000	1909	76360000
