from.id	from.cord	to.id	to.cord
6	240000	27	1080000
28	1120000	72	2880000
73	2920000	111	4440000
112	4480000	115	4600000
116	4640000	142	5680000
143	5720000	146	5840000
147	5880000	168	6720000
172	6880000	194	7760000
195	7800000	250	10000000
251	10040000	318	12720000
319	12760000	370	14800000
371	14840000	394	15760000
397	15880000	439	17560000
440	17600000	498	19920000
499	19960000	514	20560000
515	20600000	530	21200000
531	21240000	744	29760000
745	29800000	798	31920000
799	31960000	920	36800000
921	36840000	937	37480000
938	37520000	970	38800000
975	39000000	979	39160000
1102	44080000	1105	44200000
1708	68320000	1712	68480000
1774	70960000	2308	92320000
2317	92680000	2609	104360000
2610	104400000	2626	105040000
2627	105080000	2644	105760000
2645	105800000	2665	106600000
2666	106640000	2744	109760000
