TR	statistic	pvalue	zscore	max_auc	re_rank	irwin_hall_pvalue
AR	19.123	8.105e-82	11.328	0.547	0.013	9.753e-06
HOXB13	6.577	2.393e-11	12.655	0.552	0.014	1.338e-05
MAML3	3.439	2.916e-04	16.390	0.538	0.020	3.478e-05
FOXA1	17.319	1.699e-67	9.677	0.538	0.023	5.741e-05
GATA3	9.187	2.026e-20	10.079	0.527	0.025	7.170e-05
TLE3	3.517	2.180e-04	12.649	0.531	0.026	7.482e-05
REST	7.696	7.019e-15	10.051	0.524	0.028	1.031e-04
DUX4	2.589	4.815e-03	13.573	0.534	0.029	1.070e-04
EHMT2	5.109	1.623e-07	9.745	0.535	0.031	1.377e-04
FOXA2	6.487	4.368e-11	10.684	0.517	0.032	1.425e-04
PIAS1	5.941	1.419e-09	9.728	0.525	0.033	1.681e-04
RAD21	8.744	1.128e-18	9.996	0.514	0.035	1.908e-04
ATF4	3.199	6.899e-04	10.178	0.527	0.035	1.908e-04
GATA6	4.723	1.161e-06	10.072	0.518	0.036	2.154e-04
OTX2	6.706	1.001e-11	9.527	0.517	0.036	2.154e-04
PHOX2B	1.717	4.296e-02	41.411	0.532	0.037	2.218e-04
NUP98-HOXA9	1.730	4.183e-02	12.235	0.555	0.037	2.284e-04
CENPT	1.726	4.222e-02	13.984	0.541	0.038	2.490e-04
EBF3	2.368	8.936e-03	10.939	0.520	0.039	2.707e-04
LMNA	2.270	1.160e-02	10.448	0.528	0.040	2.782e-04
GATA2	4.805	7.750e-07	9.848	0.513	0.043	3.703e-04
CTCF	23.095	2.584e-118	7.144	0.513	0.047	4.593e-04
SMC3	7.045	9.243e-13	7.220	0.515	0.048	4.918e-04
NANOG	6.125	4.527e-10	5.284	0.549	0.048	4.918e-04
CEBPB	8.575	4.970e-18	5.425	0.529	0.049	5.258e-04
EP300	7.294	1.501e-13	4.846	0.568	0.049	5.375e-04
SOX2	5.875	2.112e-09	5.326	0.544	0.050	5.494e-04
GATA4	5.349	4.411e-08	9.181	0.511	0.050	5.736e-04
SMARCA2	2.403	8.132e-03	7.312	0.530	0.050	5.736e-04
HOXC9	2.274	1.147e-02	11.532	0.507	0.052	6.242e-04
SMC1A	5.890	1.931e-09	6.753	0.515	0.053	6.777e-04
ATF7IP	1.381	8.365e-02	10.952	0.560	0.054	6.915e-04
CDX2	2.270	1.160e-02	6.145	0.547	0.054	7.055e-04
NKX3-1	2.083	1.861e-02	9.487	0.517	0.054	7.197e-04
SIX2	3.471	2.594e-04	10.341	0.499	0.056	8.090e-04
TRIM28	2.187	1.438e-02	14.063	0.501	0.058	8.887e-04
CHAT	1.972	2.429e-02	25.864	0.498	0.059	9.390e-04
EOMES	3.148	8.216e-04	6.352	0.516	0.060	9.736e-04
ZNF486	1.996	2.295e-02	69.701	0.496	0.061	1.045e-03
PRDM1	1.913	2.785e-02	7.122	0.520	0.064	1.199e-03
ZNF649	1.590	5.593e-02	16.791	0.505	0.065	1.219e-03
ARID1A	1.453	7.315e-02	8.880	0.536	0.065	1.260e-03
TCF4	2.128	1.668e-02	9.371	0.506	0.066	1.281e-03
PDX1	2.080	1.875e-02	9.342	0.504	0.069	1.503e-03
TBX5	2.781	2.714e-03	11.965	0.489	0.071	1.623e-03
TEAD1	3.162	7.844e-04	4.677	0.522	0.072	1.647e-03
NR3C1	8.224	9.808e-17	4.689	0.511	0.072	1.698e-03
HAND2	1.680	4.649e-02	7.145	0.515	0.073	1.775e-03
ZIM3	1.575	5.767e-02	14.700	0.498	0.075	1.908e-03
PAX3	1.587	5.627e-02	9.945	0.504	0.078	2.107e-03
TOP1	2.623	4.354e-03	8.374	0.493	0.079	2.196e-03
TEAD4	3.249	5.798e-04	4.699	0.512	0.080	2.287e-03
POU5F1	5.811	3.104e-09	4.114	0.515	0.080	2.287e-03
ZNF654	2.193	1.414e-02	6.496	0.502	0.082	2.445e-03
SOX11	1.645	4.996e-02	13.530	0.491	0.082	2.510e-03
PAX6	1.784	3.725e-02	6.875	0.505	0.083	2.543e-03
LHX2	1.577	5.739e-02	4.841	0.539	0.084	2.644e-03
ESR1	9.276	8.786e-21	3.902	0.507	0.084	2.713e-03
NOTCH3	1.632	5.133e-02	6.567	0.509	0.085	2.748e-03
SMAD3	3.386	3.540e-04	3.184	0.535	0.085	2.783e-03
HOTAIR	1.938	2.629e-02	21.175	0.482	0.086	2.890e-03
FOXH1	1.955	2.529e-02	5.615	0.505	0.086	2.890e-03
MYOG	1.810	3.517e-02	9.229	0.494	0.086	2.890e-03
HNF1A	1.610	5.374e-02	5.569	0.512	0.088	3.037e-03
ZNF586	1.392	8.194e-02	16.873	0.492	0.089	3.150e-03
SATB1	0.946	1.721e-01	23.867	0.498	0.090	3.266e-03
SMAD1	1.486	6.859e-02	4.544	0.543	0.091	3.385e-03
SUMO1	4.015	2.971e-05	5.412	0.492	0.092	3.507e-03
SFPQ	1.500	6.676e-02	8.054	0.498	0.093	3.674e-03
NEUROD1	2.284	1.118e-02	5.487	0.495	0.094	3.717e-03
CTNNB1	1.690	4.548e-02	4.528	0.518	0.094	3.717e-03
SPIB	1.604	5.432e-02	4.756	0.515	0.096	4.024e-03
CENPC	1.612	5.352e-02	5.126	0.507	0.097	4.160e-03
HNF1B	1.606	5.414e-02	5.178	0.506	0.098	4.300e-03
EWSR1	1.513	6.517e-02	4.377	0.524	0.099	4.347e-03
TP73	2.031	2.115e-02	6.564	0.490	0.100	4.443e-03
TEAD1-TEAD4	1.714	4.328e-02	3.590	0.530	0.100	4.443e-03
STAG1	5.611	1.007e-08	3.698	0.502	0.100	4.540e-03
RING1	1.596	5.526e-02	8.492	0.490	0.102	4.788e-03
MAFK	1.802	3.574e-02	5.450	0.495	0.104	4.993e-03
KDM1B	1.237	1.080e-01	16.586	0.487	0.104	5.046e-03
AHR	1.825	3.400e-02	6.156	0.490	0.105	5.151e-03
ZNF680	1.544	6.134e-02	9.329	0.489	0.105	5.204e-03
ZBTB2	1.727	4.211e-02	7.629	0.486	0.106	5.367e-03
PR	2.352	9.335e-03	4.485	0.497	0.107	5.476e-03
HNF4G	1.230	1.094e-01	5.330	0.511	0.107	5.588e-03
H2AFX	0.973	1.652e-01	4.964	0.518	0.110	6.048e-03
HDAC3	1.505	6.622e-02	6.725	0.490	0.111	6.227e-03
NME2	1.223	1.107e-01	16.710	0.481	0.113	6.534e-03
BAHD1	1.113	1.328e-01	9.791	0.489	0.114	6.596e-03
ZNF317	1.431	7.618e-02	10.784	0.480	0.116	6.979e-03
SMAD2	2.189	1.428e-02	4.780	0.488	0.117	7.176e-03
HES2	6.225	2.405e-10	2.914	0.495	0.118	7.309e-03
PPARG	2.385	8.530e-03	3.403	0.498	0.118	7.376e-03
SUMO2	1.824	3.408e-02	5.888	0.484	0.119	7.512e-03
YAP1	2.735	3.124e-03	2.839	0.503	0.119	7.650e-03
ERF	1.445	7.429e-02	4.994	0.497	0.120	7.789e-03
TP63	3.300	4.836e-04	4.380	0.485	0.121	7.929e-03
SSU72	1.551	6.048e-02	4.186	0.501	0.122	8.216e-03
MEIS1	1.916	2.766e-02	3.965	0.493	0.123	8.362e-03
EZH2	3.129	8.759e-04	2.026	0.510	0.124	8.509e-03
JUN	3.037	1.195e-03	2.190	0.507	0.124	8.509e-03
JUND	2.469	6.782e-03	3.770	0.489	0.124	8.659e-03
SMAD2-SMAD3	1.834	3.336e-02	2.977	0.503	0.127	9.195e-03
SMARCC1	2.128	1.665e-02	2.607	0.503	0.127	9.273e-03
BMI1	1.405	8.005e-02	3.450	0.511	0.128	9.431e-03
NKX2-1	1.656	4.883e-02	7.230	0.477	0.128	9.431e-03
MEF2B	2.744	3.033e-03	3.427	0.488	0.131	1.016e-02
FOSL2	6.578	2.387e-11	2.199	0.491	0.133	1.067e-02
CEBPG	1.445	7.422e-02	5.740	0.482	0.135	1.111e-02
PCGF2	1.718	4.289e-02	4.329	0.487	0.136	1.120e-02
FOS	1.857	3.167e-02	2.652	0.497	0.137	1.156e-02
ZNF136	0.902	1.835e-01	12.755	0.475	0.138	1.184e-02
EBNA3C	2.073	1.908e-02	2.989	0.491	0.138	1.184e-02
JARID2	2.753	2.952e-03	2.020	0.497	0.138	1.193e-02
ZNF800	1.407	7.970e-02	6.033	0.480	0.139	1.221e-02
PRDM6	1.333	9.119e-02	4.437	0.490	0.143	1.318e-02
MAFF	1.092	1.373e-01	7.420	0.478	0.144	1.348e-02
SIX1	1.476	6.998e-02	4.387	0.484	0.148	1.462e-02
PGR	1.309	9.525e-02	4.298	0.489	0.148	1.473e-02
GRHL2	1.697	4.490e-02	3.957	0.481	0.149	1.483e-02
FEZF1	1.506	6.600e-02	4.987	0.477	0.150	1.516e-02
ZNF22	0.804	2.108e-01	14.165	0.471	0.151	1.538e-02
PBX3	0.934	1.753e-01	2.527	0.513	0.152	1.571e-02
FOXO1	1.205	1.141e-01	2.797	0.500	0.153	1.627e-02
DAXX	1.474	7.019e-02	4.225	0.481	0.155	1.685e-02
ZNF490	0.767	2.217e-01	20.604	0.470	0.155	1.685e-02
ZNF382	1.426	7.689e-02	7.526	0.470	0.156	1.697e-02
POLR3D	1.444	7.436e-02	3.653	0.484	0.159	1.817e-02
ZNF793	0.876	1.906e-01	8.726	0.472	0.160	1.855e-02
KDM3B	1.466	7.131e-02	3.419	0.484	0.162	1.930e-02
HLF	1.011	1.561e-01	9.831	0.468	0.164	1.995e-02
ZNF26	0.873	1.914e-01	6.639	0.474	0.165	2.021e-02
CBX5	0.886	1.879e-01	2.509	0.503	0.165	2.035e-02
ZNF133	0.819	2.063e-01	7.893	0.472	0.166	2.075e-02
SUZ12	1.191	1.168e-01	1.146	0.520	0.170	2.226e-02
PGBD3	1.280	1.004e-01	2.852	0.488	0.170	2.226e-02
CDK2	0.650	2.577e-01	9.141	0.473	0.171	2.269e-02
ZNF485	0.710	2.390e-01	16.177	0.468	0.172	2.283e-02
PITX3	0.914	1.803e-01	4.881	0.475	0.173	2.341e-02
IRF5	0.717	2.367e-01	11.043	0.468	0.175	2.414e-02
CHD7	1.069	1.426e-01	1.365	0.511	0.177	2.490e-02
BANF1	1.345	8.933e-02	3.328	0.479	0.177	2.490e-02
HOXA9	0.737	2.306e-01	4.372	0.484	0.177	2.505e-02
PRMT1	1.217	1.118e-01	3.152	0.481	0.178	2.551e-02
DLX2	1.033	1.508e-01	3.575	0.480	0.178	2.551e-02
ZNF182	0.834	2.021e-01	5.171	0.472	0.180	2.644e-02
ELF3	1.168	1.213e-01	4.249	0.473	0.183	2.757e-02
TP53	1.347	8.893e-02	1.611	0.493	0.184	2.806e-02
ZNF675	0.776	2.188e-01	5.799	0.470	0.184	2.806e-02
HIF1A	0.892	1.862e-01	3.339	0.482	0.184	2.822e-02
FLI1	0.701	2.415e-01	1.477	0.519	0.185	2.839e-02
STAT3	1.464	7.160e-02	1.804	0.487	0.187	2.922e-02
ZNF808	0.622	2.670e-01	27.738	0.464	0.187	2.956e-02
ZNF17	0.719	2.360e-01	7.539	0.468	0.189	3.025e-02
SOX10	0.904	1.830e-01	3.795	0.475	0.189	3.025e-02
ZNF823	0.652	2.573e-01	10.189	0.466	0.192	3.165e-02
RNF2	0.793	2.139e-01	1.891	0.494	0.193	3.219e-02
IRF4	1.483	6.902e-02	2.047	0.477	0.194	3.310e-02
WWTR1	1.335	9.086e-02	2.268	0.479	0.194	3.310e-02
ZNF169	0.725	2.343e-01	6.081	0.468	0.195	3.347e-02
DRAP1	1.012	1.557e-01	2.594	0.479	0.195	3.347e-02
ZNF585A	0.777	2.186e-01	4.778	0.470	0.196	3.384e-02
FOSL1	1.117	1.321e-01	1.549	0.490	0.197	3.421e-02
ATF2	1.102	1.352e-01	2.295	0.480	0.197	3.440e-02
CHD8	0.740	2.297e-01	2.628	0.485	0.198	3.478e-02
TCF7	0.462	3.219e-01	3.108	0.495	0.198	3.478e-02
EED	0.920	1.788e-01	3.074	0.476	0.198	3.478e-02
LMNB1	0.726	2.340e-01	5.503	0.468	0.198	3.497e-02
ERCC2	0.752	2.260e-01	4.989	0.469	0.198	3.516e-02
ZSCAN16	0.462	3.221e-01	3.507	0.487	0.206	3.933e-02
PRDM14	0.784	2.167e-01	3.864	0.471	0.206	3.953e-02
ASCL1	0.515	3.033e-01	2.391	0.490	0.208	4.058e-02
SCRT1	0.696	2.431e-01	5.168	0.468	0.210	4.164e-02
MCM2	0.631	2.639e-01	7.402	0.465	0.210	4.164e-02
BATF	1.284	9.963e-02	2.056	0.473	0.211	4.206e-02
FANCD2	0.551	2.908e-01	10.231	0.461	0.211	4.228e-02
TTF1	0.894	1.856e-01	4.672	0.465	0.213	4.359e-02
CHD5	0.694	2.440e-01	4.924	0.467	0.215	4.448e-02
DACOR1	0.522	3.009e-01	10.882	0.460	0.215	4.493e-02
H3F3B	0.782	2.170e-01	3.325	0.471	0.216	4.515e-02
OSR2	0.929	1.764e-01	3.844	0.466	0.216	4.538e-02
SMN1	0.640	2.612e-01	5.739	0.465	0.217	4.629e-02
NR1H3	1.186	1.178e-01	2.870	0.468	0.218	4.675e-02
ESCO2	0.763	2.227e-01	3.472	0.470	0.218	4.675e-02
GREB1	0.947	1.719e-01	2.430	0.471	0.218	4.675e-02
KMT2B	0.832	2.028e-01	2.560	0.472	0.219	4.698e-02
ZNF84	0.677	2.493e-01	4.836	0.467	0.219	4.721e-02
ZFAT	0.804	2.106e-01	2.679	0.471	0.219	4.745e-02
NR5A2	0.550	2.913e-01	2.999	0.477	0.219	4.745e-02
ZNF217	0.732	2.320e-01	3.730	0.469	0.220	4.768e-02
ZNF35	0.720	2.359e-01	4.018	0.468	0.220	4.792e-02
NEUROG2	1.333	9.131e-02	2.273	0.468	0.223	4.958e-02
TTF2	0.331	3.704e-01	1.169	0.518	0.223	5.006e-02
ZNF549	0.538	2.955e-01	7.941	0.461	0.224	5.079e-02
TCF7L2	0.541	2.943e-01	1.290	0.497	0.225	5.103e-02
ZNF384	0.538	2.952e-01	3.135	0.474	0.225	5.128e-02
BCL11A	0.316	3.760e-01	0.899	0.533	0.226	5.177e-02
ZNF765	0.660	2.546e-01	4.594	0.466	0.226	5.177e-02
HMG20A	0.874	1.911e-01	1.706	0.474	0.231	5.531e-02
ARID3A	0.812	2.083e-01	3.873	0.463	0.232	5.583e-02
SPI1	0.945	1.723e-01	1.172	0.478	0.232	5.609e-02
ZNF512	0.636	2.624e-01	5.741	0.460	0.232	5.609e-02
HIRA	0.645	2.595e-01	1.612	0.484	0.232	5.609e-02
SRCAP	0.495	3.103e-01	8.079	0.459	0.232	5.635e-02
ZNF425	0.528	2.989e-01	6.477	0.460	0.234	5.794e-02
RUNX2	0.467	3.203e-01	5.017	0.466	0.235	5.847e-02
NIPBL	0.856	1.959e-01	0.784	0.486	0.236	5.928e-02
MAFG	0.699	2.422e-01	5.014	0.459	0.237	5.982e-02
ZNF362	0.739	2.301e-01	4.389	0.461	0.238	6.065e-02
TRIM22	1.013	1.556e-01	1.769	0.469	0.239	6.147e-02
SRF	0.673	2.506e-01	0.654	0.492	0.239	6.175e-02
HHEX	0.762	2.230e-01	3.948	0.461	0.240	6.231e-02
DPPA2	0.478	3.165e-01	7.345	0.458	0.243	6.429e-02
NFIC	0.365	3.574e-01	2.533	0.477	0.244	6.515e-02
CBX3	0.413	3.397e-01	2.984	0.474	0.244	6.515e-02
NR1H2	1.097	1.364e-01	1.943	0.466	0.244	6.544e-02
NFE2L1	0.738	2.301e-01	3.001	0.465	0.246	6.660e-02
FAIRE	0.532	2.974e-01	-0.140	0.513	0.246	6.690e-02
MKL2	1.029	1.518e-01	1.094	0.471	0.248	6.897e-02
MITF	0.478	3.164e-01	2.789	0.470	0.249	6.987e-02
ZNF366	0.749	2.270e-01	3.220	0.461	0.251	7.109e-02
CBX2	0.607	2.719e-01	3.456	0.464	0.253	7.263e-02
TCF21	1.150	1.251e-01	1.823	0.464	0.253	7.325e-02
ZNF697	0.303	3.808e-01	6.669	0.460	0.258	7.705e-02
GRIP1	0.552	2.904e-01	2.009	0.470	0.258	7.737e-02
NCAPG2	0.569	2.846e-01	3.474	0.462	0.258	7.737e-02
ERCC3	0.587	2.784e-01	3.303	0.463	0.258	7.770e-02
ICE2	0.707	2.398e-01	1.947	0.468	0.258	7.770e-02
FOXP1	0.589	2.781e-01	0.953	0.479	0.259	7.802e-02
ZNF75D	0.415	3.390e-01	9.064	0.453	0.263	8.199e-02
CHRM2	0.365	3.575e-01	0.580	0.493	0.265	8.334e-02
STAT4	0.360	3.596e-01	2.346	0.470	0.267	8.609e-02
BATF3	0.682	2.475e-01	1.707	0.467	0.269	8.713e-02
SMAD4	0.104	4.586e-01	0.723	0.503	0.271	8.925e-02
ZNF750	0.454	3.247e-01	4.658	0.457	0.271	8.996e-02
ZNF664	0.576	2.823e-01	3.761	0.456	0.272	9.104e-02
SRC	0.442	3.292e-01	2.336	0.467	0.273	9.140e-02
NR2F2	0.326	3.721e-01	1.698	0.475	0.273	9.140e-02
ZNF93	0.490	3.120e-01	3.675	0.459	0.273	9.176e-02
GFI1B	0.427	3.348e-01	2.383	0.466	0.278	9.655e-02
PROX1	0.788	2.153e-01	1.158	0.465	0.280	9.844e-02
SCRT2	0.423	3.363e-01	5.561	0.453	0.280	9.920e-02
RXRA	0.639	2.615e-01	0.557	0.473	0.281	9.958e-02
ATF3	0.279	3.900e-01	0.458	0.489	0.282	1.011e-01
JMJD6	0.560	2.876e-01	-0.304	0.486	0.283	1.015e-01
ZNF781	0.426	3.351e-01	4.924	0.453	0.283	1.023e-01
ZNF573	0.423	3.361e-01	4.242	0.456	0.284	1.031e-01
ZNF92	0.323	3.733e-01	5.539	0.453	0.285	1.038e-01
ZSCAN2	0.571	2.840e-01	1.849	0.462	0.285	1.046e-01
MEF2A	0.365	3.575e-01	0.830	0.478	0.286	1.050e-01
ZNF766	0.125	4.503e-01	2.277	0.470	0.287	1.066e-01
LYL1	0.388	3.489e-01	1.338	0.471	0.288	1.070e-01
DEK	0.656	2.558e-01	1.845	0.460	0.288	1.078e-01
NFE2L2	0.489	3.123e-01	0.283	0.477	0.289	1.082e-01
TSHZ1	0.574	2.828e-01	1.415	0.465	0.289	1.082e-01
ARRB1	0.542	2.941e-01	2.749	0.456	0.290	1.095e-01
BRDU	0.048	4.810e-01	1.818	0.477	0.290	1.099e-01
ZNF429	0.313	3.771e-01	5.077	0.453	0.292	1.119e-01
MAF	0.093	4.628e-01	0.126	0.499	0.293	1.127e-01
ZNF788	0.432	3.329e-01	3.547	0.456	0.293	1.132e-01
FXR2	0.491	3.119e-01	2.239	0.459	0.295	1.153e-01
ETV6	0.490	3.122e-01	1.198	0.465	0.301	1.230e-01
SS18	0.493	3.111e-01	1.387	0.464	0.302	1.235e-01
ZXDC	0.457	3.240e-01	2.345	0.457	0.303	1.257e-01
NR2F1	0.204	4.193e-01	1.835	0.467	0.304	1.261e-01
LIN9	0.519	3.018e-01	1.630	0.460	0.304	1.261e-01
DDX5	-0.080	5.317e-01	1.560	0.482	0.305	1.275e-01
ZNF140	0.425	3.354e-01	3.303	0.454	0.306	1.288e-01
ZNF558	0.507	3.060e-01	1.825	0.457	0.309	1.325e-01
ZNF440	0.218	4.135e-01	5.340	0.449	0.309	1.325e-01
LMTK3	0.164	4.348e-01	1.509	0.468	0.309	1.330e-01
MYOD1	0.479	3.161e-01	2.366	0.454	0.310	1.344e-01
BTAF1	0.460	3.229e-01	1.998	0.458	0.311	1.348e-01
SNAI2	-0.158	5.626e-01	1.725	0.480	0.312	1.362e-01
BRD9	0.428	3.344e-01	1.193	0.464	0.313	1.377e-01
SOX4	0.510	3.050e-01	1.472	0.459	0.313	1.386e-01
ZNF605	0.305	3.802e-01	3.705	0.452	0.313	1.386e-01
TBX21	0.546	2.924e-01	0.821	0.461	0.319	1.459e-01
ZSCAN20	0.507	3.059e-01	1.611	0.456	0.320	1.474e-01
BCAT1	0.474	3.177e-01	1.708	0.456	0.320	1.474e-01
CBFA2T2	0.462	3.221e-01	1.596	0.458	0.320	1.474e-01
ZNF488	0.449	3.266e-01	1.998	0.455	0.320	1.479e-01
ZNF671	0.380	3.519e-01	2.098	0.455	0.322	1.504e-01
EBNA3	0.482	3.150e-01	1.177	0.458	0.324	1.534e-01
CTCFL	0.070	4.721e-01	-0.219	0.484	0.326	1.560e-01
ZNF280A	0.180	4.285e-01	4.600	0.448	0.327	1.570e-01
PLRG1	0.358	3.601e-01	2.142	0.453	0.329	1.596e-01
SND1	0.364	3.579e-01	0.719	0.465	0.331	1.633e-01
TCF12	-0.132	5.525e-01	0.264	0.487	0.335	1.692e-01
ASH2L	0.373	3.545e-01	2.098	0.451	0.338	1.731e-01
SMARCA4	-0.112	5.447e-01	-1.206	0.512	0.338	1.742e-01
AGO1	0.484	3.141e-01	0.842	0.457	0.339	1.747e-01
PRKDC	0.343	3.658e-01	0.863	0.460	0.340	1.764e-01
SMARCE1	-0.230	5.909e-01	2.123	0.468	0.341	1.781e-01
HNF4A	0.174	4.310e-01	1.795	0.457	0.341	1.787e-01
CEBPA	-0.445	6.719e-01	0.008	0.514	0.343	1.821e-01
CUX1	-0.220	5.873e-01	0.582	0.483	0.343	1.821e-01
ZNF506	0.156	4.379e-01	3.650	0.447	0.347	1.878e-01
NFIL3	0.212	4.161e-01	2.611	0.449	0.347	1.884e-01
JUNB	-0.014	5.055e-01	0.059	0.475	0.348	1.901e-01
TAT	0.428	3.345e-01	0.789	0.457	0.349	1.907e-01
KLF16	0.201	4.203e-01	2.060	0.451	0.350	1.931e-01
ZNF778	0.017	4.931e-01	0.995	0.466	0.352	1.955e-01
ZNF331	0.086	4.658e-01	4.629	0.445	0.352	1.955e-01
TFAP2A	0.061	4.756e-01	1.462	0.459	0.352	1.961e-01
MECOM	0.330	3.708e-01	1.361	0.453	0.352	1.961e-01
ZNF2	0.348	3.639e-01	0.926	0.455	0.356	2.021e-01
EHF	0.327	3.717e-01	-0.039	0.463	0.356	2.033e-01
ICE1	0.466	3.205e-01	0.693	0.454	0.356	2.033e-01
PARP1	0.007	4.971e-01	7.164	0.442	0.357	2.045e-01
SETDB1	-0.800	7.881e-01	0.057	0.572	0.361	2.113e-01
SP140	0.128	4.490e-01	1.022	0.458	0.361	2.113e-01
ETV4	-0.102	5.406e-01	-0.837	0.486	0.362	2.131e-01
ETV5	0.137	4.455e-01	0.254	0.462	0.366	2.207e-01
TET2	-0.769	7.790e-01	0.252	0.515	0.367	2.226e-01
YBX1	0.032	4.874e-01	2.010	0.452	0.368	2.232e-01
KDM6B	0.177	4.299e-01	0.024	0.463	0.368	2.239e-01
E2F7	0.221	4.125e-01	-0.381	0.465	0.368	2.245e-01
CAMTA2	0.296	3.835e-01	1.041	0.452	0.369	2.252e-01
ZFP28	0.061	4.757e-01	2.500	0.448	0.370	2.265e-01
EBNA2	0.311	3.777e-01	0.836	0.453	0.371	2.297e-01
MBD3	0.304	3.805e-01	0.206	0.457	0.372	2.316e-01
ZNF479	0.122	4.515e-01	2.446	0.446	0.373	2.323e-01
FUS	0.278	3.904e-01	0.430	0.455	0.375	2.356e-01
PRDM10	0.314	3.769e-01	1.073	0.449	0.375	2.369e-01
TFAP4	-0.220	5.870e-01	0.111	0.473	0.376	2.382e-01
RUNX3	0.257	3.985e-01	0.960	0.451	0.378	2.415e-01
MRE11A	0.284	3.882e-01	0.373	0.454	0.379	2.442e-01
FOXP2	0.189	4.250e-01	-1.137	0.467	0.382	2.495e-01
KDM1A	-0.559	7.119e-01	0.233	0.488	0.382	2.502e-01
TLX1	0.241	4.046e-01	0.871	0.450	0.383	2.515e-01
ZNF534	0.192	4.237e-01	1.235	0.449	0.384	2.529e-01
RELA	-0.554	7.103e-01	-0.888	0.507	0.385	2.549e-01
ERCC6	-0.193	5.764e-01	-1.158	0.482	0.385	2.549e-01
DNMT3A	0.137	4.457e-01	-0.911	0.466	0.388	2.611e-01
EPAS1	0.193	4.236e-01	1.060	0.449	0.388	2.611e-01
LDB1	0.049	4.803e-01	2.587	0.443	0.389	2.618e-01
ILK	0.009	4.966e-01	1.991	0.448	0.390	2.652e-01
RCOR1	-0.094	5.373e-01	-0.261	0.467	0.391	2.673e-01
DPF2	-0.214	5.849e-01	1.633	0.456	0.391	2.673e-01
HDAC4	0.293	3.848e-01	0.229	0.452	0.392	2.687e-01
CEBPD	-0.274	6.078e-01	-0.843	0.480	0.393	2.694e-01
VDR	-0.089	5.356e-01	-0.545	0.468	0.394	2.715e-01
EBF1	0.020	4.921e-01	0.459	0.455	0.397	2.785e-01
ZNF554	0.126	4.499e-01	1.362	0.446	0.398	2.799e-01
ZBTB48	-0.372	6.449e-01	0.366	0.469	0.399	2.814e-01
CLOCK	-0.029	5.116e-01	1.637	0.449	0.399	2.814e-01
GLIS1	-0.063	5.253e-01	-0.270	0.462	0.403	2.899e-01
WRNIP1	0.283	3.887e-01	-0.324	0.452	0.408	3.000e-01
ZC3H8	-0.124	5.492e-01	-2.100	0.475	0.411	3.051e-01
ESRRA	-0.262	6.035e-01	-1.529	0.477	0.412	3.073e-01
UBE2I	0.245	4.034e-01	-0.300	0.450	0.412	3.073e-01
ZNF134	0.052	4.795e-01	1.509	0.443	0.413	3.103e-01
BIRA	-0.160	5.636e-01	0.790	0.455	0.413	3.110e-01
WT1	0.231	4.088e-01	-0.079	0.449	0.413	3.110e-01
CREM	-0.258	6.019e-01	-0.510	0.468	0.415	3.139e-01
RELB	0.041	4.836e-01	0.976	0.446	0.416	3.154e-01
MYF5	0.178	4.292e-01	0.192	0.448	0.416	3.154e-01
ARNT	-0.465	6.790e-01	-1.643	0.489	0.416	3.169e-01
FOXO3	-0.248	5.978e-01	-1.259	0.472	0.417	3.176e-01
DMC1	-0.130	5.518e-01	4.593	0.437	0.417	3.176e-01
PRMT5	0.178	4.294e-01	0.157	0.448	0.417	3.191e-01
TAL1	-0.934	8.248e-01	1.311	0.473	0.418	3.199e-01
TCF7L1	-0.489	6.876e-01	-0.139	0.471	0.418	3.214e-01
ZNF618	0.151	4.400e-01	0.279	0.447	0.419	3.221e-01
HCFC1R1	0.034	4.864e-01	1.559	0.443	0.419	3.228e-01
SP7	0.238	4.059e-01	-0.166	0.448	0.420	3.243e-01
PMEL	-0.158	5.626e-01	-2.136	0.473	0.421	3.258e-01
ZNF292	0.071	4.717e-01	0.967	0.444	0.421	3.273e-01
CTBP1	-0.015	5.060e-01	0.390	0.450	0.423	3.311e-01
ZBTB42	0.098	4.611e-01	0.604	0.445	0.425	3.356e-01
CREBBP	-0.614	7.304e-01	-1.455	0.489	0.426	3.371e-01
ZNF563	-0.023	5.091e-01	2.024	0.441	0.426	3.371e-01
STAT1	-0.111	5.441e-01	-1.412	0.466	0.426	3.379e-01
ZNF430	0.046	4.817e-01	1.050	0.443	0.427	3.386e-01
ZNF141	-0.015	5.058e-01	1.756	0.441	0.431	3.477e-01
ZNF585B	-0.037	5.148e-01	1.590	0.442	0.435	3.554e-01
ING5	0.026	4.897e-01	1.085	0.442	0.435	3.562e-01
ZNF44	0.097	4.613e-01	0.247	0.445	0.436	3.577e-01
HMBOX1	0.008	4.968e-01	1.205	0.442	0.437	3.615e-01
ZNF248	-0.129	5.514e-01	2.865	0.437	0.439	3.639e-01
ZNF101	-0.021	5.083e-01	0.257	0.447	0.439	3.639e-01
GRHL3	-0.362	6.412e-01	0.871	0.453	0.440	3.669e-01
POU3F2	0.247	4.023e-01	-1.188	0.449	0.442	3.708e-01
FOXM1	-0.635	7.372e-01	-3.698	0.508	0.443	3.731e-01
NFKB2	0.032	4.874e-01	0.629	0.442	0.445	3.770e-01
REPIN1	-0.319	6.251e-01	-0.058	0.457	0.445	3.778e-01
RYBP	-0.072	5.287e-01	-0.581	0.454	0.445	3.778e-01
CBX6	0.014	4.946e-01	-1.209	0.454	0.445	3.786e-01
TSC22D4	-0.699	7.576e-01	0.829	0.462	0.448	3.848e-01
LARP7	-0.540	7.055e-01	0.250	0.461	0.449	3.856e-01
XBP1	-0.365	6.426e-01	-2.438	0.473	0.449	3.856e-01
MBD4	0.028	4.886e-01	0.425	0.442	0.450	3.880e-01
ZNF707	-0.367	6.432e-01	0.758	0.450	0.453	3.951e-01
BACH2	-0.109	5.433e-01	-0.322	0.450	0.453	3.951e-01
TERC	-0.271	6.070e-01	2.131	0.440	0.453	3.951e-01
ZNF438	0.025	4.901e-01	0.346	0.442	0.453	3.951e-01
KLF4	-0.708	7.605e-01	-0.653	0.472	0.454	3.974e-01
ZNF780A	-0.123	5.490e-01	1.952	0.437	0.454	3.982e-01
GTF2I	-0.723	7.651e-01	0.424	0.463	0.455	3.990e-01
RARA	-0.869	8.076e-01	-2.351	0.497	0.456	4.014e-01
CRY1	-0.113	5.449e-01	1.798	0.437	0.456	4.014e-01
NCAPG	-0.364	6.419e-01	0.224	0.453	0.457	4.045e-01
LMO2	-0.707	7.603e-01	-0.285	0.467	0.459	4.077e-01
GPS2	0.159	4.369e-01	-1.353	0.447	0.459	4.077e-01
TERF2	0.056	4.777e-01	-0.338	0.443	0.459	4.093e-01
RBL1	0.004	4.985e-01	0.391	0.442	0.460	4.109e-01
ZNF518A	0.228	4.097e-01	-2.067	0.449	0.460	4.109e-01
JMJD1C	-0.407	6.581e-01	-0.276	0.457	0.462	4.140e-01
CBX8	-0.405	6.572e-01	-3.339	0.476	0.463	4.180e-01
EMX1	-0.037	5.149e-01	-1.865	0.454	0.464	4.204e-01
IRF1	-0.425	6.644e-01	-1.046	0.462	0.467	4.268e-01
TERF1	0.020	4.919e-01	-0.051	0.442	0.469	4.300e-01
HOXA2	0.127	4.496e-01	-1.614	0.446	0.471	4.340e-01
USF1	-0.339	6.326e-01	-3.043	0.469	0.471	4.348e-01
DROSHA	-0.264	6.040e-01	-2.966	0.466	0.472	4.380e-01
BCL6	-0.809	7.908e-01	-0.990	0.472	0.473	4.388e-01
ZNF138	0.001	4.997e-01	-0.045	0.442	0.474	4.412e-01
SOX13	-0.174	5.691e-01	-0.075	0.445	0.475	4.428e-01
MBOAT4	0.159	4.367e-01	-2.401	0.447	0.476	4.460e-01
MLLT3	0.048	4.808e-01	-0.854	0.443	0.477	4.476e-01
ZNF202	-0.429	6.662e-01	-0.436	0.454	0.478	4.508e-01
ZNF394	0.113	4.551e-01	-1.692	0.445	0.479	4.532e-01
OVOL3	0.061	4.756e-01	-2.542	0.450	0.479	4.532e-01
ZFP64	-0.520	6.986e-01	-0.312	0.455	0.480	4.549e-01
ZNF335	0.044	4.825e-01	-1.672	0.447	0.480	4.549e-01
POLR2AphosphoS5	-0.250	5.986e-01	-0.941	0.452	0.482	4.589e-01
SIX4	-0.103	5.411e-01	0.698	0.438	0.482	4.597e-01
CCND2	0.083	4.668e-01	-1.649	0.445	0.483	4.621e-01
KDM5B	-0.629	7.352e-01	-2.380	0.470	0.485	4.653e-01
PAX5	-0.703	7.591e-01	-0.537	0.462	0.485	4.669e-01
ZNF701	-0.054	5.214e-01	0.143	0.439	0.486	4.694e-01
RFX5	-0.234	5.925e-01	-4.237	0.465	0.488	4.726e-01
ZNF8	-0.451	6.739e-01	-0.885	0.455	0.490	4.766e-01
POLR2M	-0.277	6.092e-01	-3.883	0.465	0.490	4.782e-01
INTS3	0.030	4.881e-01	-1.203	0.443	0.491	4.807e-01
TFAP2C	-0.574	7.170e-01	0.422	0.448	0.492	4.831e-01
NFATC3	-0.008	5.034e-01	-0.639	0.441	0.492	4.831e-01
ZNF641	0.036	4.858e-01	-1.995	0.445	0.495	4.888e-01
MEF2C	-0.038	5.152e-01	-0.402	0.440	0.495	4.888e-01
SMARCA5	-0.512	6.958e-01	-0.906	0.455	0.496	4.912e-01
PSIP1	-0.338	6.322e-01	-0.821	0.449	0.496	4.920e-01
ZNF580	0.096	4.617e-01	-2.918	0.447	0.497	4.936e-01
ZNF786	0.053	4.789e-01	-2.047	0.443	0.498	4.952e-01
ZNF207	-0.381	6.483e-01	0.387	0.443	0.498	4.960e-01
RFX1	-0.561	7.126e-01	-1.332	0.458	0.499	4.976e-01
ZFP37	0.119	4.528e-01	-2.693	0.445	0.500	4.993e-01
MTA2	-0.623	7.332e-01	-0.486	0.454	0.502	5.041e-01
E2F2	-0.031	5.122e-01	-0.783	0.440	0.502	5.049e-01
DNMT1	-0.495	6.896e-01	-2.000	0.459	0.503	5.057e-01
MYB	-0.804	7.892e-01	-0.680	0.460	0.503	5.074e-01
ZNF547	-0.142	5.566e-01	-1.853	0.447	0.504	5.090e-01
ZNF674	0.028	4.888e-01	-1.810	0.442	0.504	5.098e-01
HIC1	0.001	4.998e-01	-1.527	0.442	0.506	5.130e-01
POU2F2	-0.239	5.945e-01	-0.982	0.446	0.507	5.146e-01
ZNF354C	-0.200	5.793e-01	0.710	0.435	0.507	5.154e-01
PRDM11	-0.361	6.409e-01	-3.991	0.462	0.507	5.162e-01
ZNF346	0.128	4.489e-01	-3.968	0.447	0.507	5.162e-01
NFE2	-0.842	8.002e-01	-2.259	0.469	0.508	5.187e-01
PBX1	-0.178	5.707e-01	-0.482	0.441	0.509	5.195e-01
ZNF768	-0.094	5.373e-01	-0.428	0.438	0.509	5.203e-01
GATAD2B	-0.206	5.817e-01	-1.947	0.448	0.509	5.211e-01
EGLN2	-0.045	5.181e-01	-0.848	0.440	0.510	5.227e-01
ZNF350	0.023	4.909e-01	-2.060	0.442	0.512	5.276e-01
CDCA2	-0.298	6.170e-01	1.300	0.432	0.512	5.276e-01
SMARCB1	-0.605	7.275e-01	-2.652	0.463	0.513	5.284e-01
ZNF16	-0.194	5.770e-01	-0.394	0.438	0.518	5.397e-01
SPDEF	-0.202	5.800e-01	-2.425	0.447	0.519	5.421e-01
C11orf30	-0.300	6.178e-01	0.105	0.439	0.519	5.421e-01
ZNF695	0.038	4.848e-01	-2.898	0.443	0.519	5.429e-01
STAT5A	-0.237	5.935e-01	-0.731	0.441	0.519	5.437e-01
ZNF257	-0.120	5.477e-01	-0.579	0.437	0.520	5.453e-01
HJURP	-0.042	5.166e-01	-1.494	0.440	0.521	5.469e-01
ZNF692	-0.029	5.116e-01	-2.560	0.443	0.523	5.509e-01
DDX20	-0.472	6.817e-01	-0.399	0.444	0.523	5.517e-01
APOBEC3B	-0.181	5.720e-01	-0.137	0.435	0.523	5.517e-01
BACH1	-0.480	6.842e-01	-1.737	0.451	0.524	5.533e-01
ZNF682	-0.043	5.170e-01	-2.449	0.443	0.524	5.533e-01
GATA1	-1.173	8.795e-01	1.286	0.449	0.524	5.541e-01
HEXIM1	-0.370	6.443e-01	-3.145	0.454	0.525	5.565e-01
ZNF284	-0.399	6.550e-01	1.633	0.428	0.526	5.573e-01
LEF1	-1.194	8.838e-01	-6.003	0.506	0.526	5.582e-01
BANP	-0.461	6.775e-01	-0.525	0.444	0.526	5.590e-01
CTBP2	-0.646	7.410e-01	-3.924	0.466	0.527	5.598e-01
ZBTB17	-0.510	6.951e-01	-1.902	0.452	0.527	5.606e-01
NR4A1	-0.753	7.744e-01	-1.544	0.456	0.531	5.686e-01
GTF3C5	-0.178	5.705e-01	-2.829	0.446	0.532	5.718e-01
NR2F6	-0.528	7.013e-01	0.942	0.436	0.533	5.742e-01
ZNF320	-0.567	7.146e-01	0.900	0.436	0.534	5.758e-01
PTTG1	-0.421	6.630e-01	0.843	0.432	0.536	5.813e-01
MYBL2	-0.171	5.679e-01	-0.711	0.436	0.536	5.813e-01
SIRT1	-1.132	8.713e-01	0.998	0.447	0.537	5.821e-01
NONO	-0.365	6.423e-01	0.182	0.435	0.537	5.821e-01
IRF9	-0.401	6.558e-01	0.336	0.435	0.538	5.845e-01
INSM2	-0.063	5.251e-01	-3.436	0.444	0.538	5.861e-01
NFIA	-0.632	7.362e-01	-0.372	0.444	0.539	5.877e-01
ZNF623	-0.142	5.563e-01	-2.330	0.441	0.539	5.877e-01
CHD4	-0.203	5.803e-01	-1.810	0.441	0.540	5.885e-01
ZNF304	-0.341	6.333e-01	0.622	0.430	0.540	5.893e-01
STAT5	-0.776	7.813e-01	-1.717	0.454	0.542	5.940e-01
KDM4A	-0.475	6.827e-01	-0.470	0.441	0.542	5.940e-01
ZKSCAN5	-0.025	5.101e-01	-2.895	0.440	0.542	5.948e-01
ZBTB16	-0.373	6.454e-01	-0.513	0.439	0.543	5.956e-01
ZNF597	-0.231	5.912e-01	-0.411	0.434	0.543	5.964e-01
GATAD1	-0.384	6.493e-01	-3.595	0.452	0.543	5.964e-01
ZNF28	-0.336	6.317e-01	0.269	0.430	0.545	6.011e-01
XCL1	-0.069	5.276e-01	-2.433	0.439	0.546	6.019e-01
USP49	-0.316	6.241e-01	0.187	0.431	0.546	6.027e-01
C17orf49	-0.063	5.250e-01	-3.822	0.443	0.547	6.043e-01
ZNF467	-0.158	5.629e-01	-1.320	0.436	0.547	6.051e-01
KLF15	-1.355	9.123e-01	-6.216	0.499	0.547	6.059e-01
GLYR1	0.022	4.911e-01	-4.277	0.442	0.548	6.067e-01
H2AZ	-1.464	9.284e-01	-6.107	0.505	0.549	6.082e-01
ZBED1	-0.321	6.261e-01	-0.940	0.437	0.552	6.161e-01
AFF1	-1.260	8.962e-01	-2.733	0.470	0.553	6.169e-01
SIRT6	-0.288	6.135e-01	-0.322	0.432	0.553	6.169e-01
NOTCH1	-1.393	9.182e-01	-5.010	0.488	0.555	6.223e-01
IKZF1	-1.197	8.844e-01	-0.662	0.453	0.562	6.371e-01
ZFP57	-0.672	7.494e-01	1.490	0.427	0.565	6.440e-01
KDM2B	-2.571	9.949e-01	-3.380	0.493	0.565	6.448e-01
PBX2	-0.748	7.728e-01	-2.436	0.450	0.566	6.455e-01
PRDM12	-0.517	6.973e-01	1.141	0.425	0.566	6.455e-01
ZXDB	-0.067	5.266e-01	-4.244	0.440	0.566	6.463e-01
BRD7	-0.196	5.776e-01	-1.873	0.435	0.567	6.471e-01
ZNF280D	-0.110	5.439e-01	-3.540	0.439	0.567	6.471e-01
ZNF770	-0.364	6.423e-01	-0.288	0.429	0.567	6.471e-01
ZNF48	-0.390	6.518e-01	-0.055	0.429	0.569	6.524e-01
CREB3L4	-0.262	6.035e-01	-1.238	0.433	0.570	6.539e-01
AEBP2	-0.395	6.537e-01	-0.842	0.434	0.571	6.562e-01
ZNF239	-0.311	6.222e-01	-1.947	0.437	0.571	6.562e-01
RBPJ	-1.095	8.633e-01	-2.959	0.461	0.573	6.600e-01
ZNF519	-0.245	5.969e-01	-1.653	0.433	0.574	6.630e-01
ZNF483	-0.145	5.578e-01	-2.937	0.436	0.576	6.660e-01
IKZF2	-0.420	6.629e-01	-0.895	0.434	0.577	6.691e-01
RUNX1	-3.175	9.993e-01	-1.743	0.474	0.578	6.706e-01
ZNF611	-0.320	6.256e-01	-0.959	0.431	0.578	6.706e-01
SSRP1	-1.084	8.608e-01	-0.898	0.448	0.578	6.721e-01
UHRF2	-0.212	5.841e-01	-2.428	0.434	0.579	6.736e-01
MECP2	-0.386	6.504e-01	-5.965	0.450	0.579	6.743e-01
NFKB1	-0.583	7.199e-01	-0.955	0.437	0.583	6.810e-01
TEAD2	-0.440	6.700e-01	-0.793	0.432	0.583	6.810e-01
ZNF600	-0.326	6.277e-01	-1.849	0.434	0.583	6.818e-01
KDM6A	-0.350	6.369e-01	-0.922	0.430	0.583	6.825e-01
MTA3	-0.792	7.859e-01	-2.927	0.450	0.584	6.832e-01
TRIM24	-1.268	8.977e-01	-2.341	0.458	0.585	6.847e-01
KLF5	-1.576	9.424e-01	-3.947	0.472	0.585	6.855e-01
CBX4	-0.110	5.437e-01	-4.376	0.438	0.585	6.855e-01
SF1	-0.492	6.886e-01	0.202	0.425	0.586	6.877e-01
PKNOX1	-0.506	6.935e-01	-0.511	0.431	0.587	6.891e-01
HES1	-0.616	7.312e-01	-1.407	0.439	0.587	6.899e-01
ZNF501	-0.174	5.691e-01	-5.118	0.440	0.590	6.957e-01
RB1	-1.005	8.426e-01	-7.321	0.468	0.590	6.965e-01
ERG	-2.136	9.837e-01	-4.904	0.486	0.591	6.972e-01
PTRF	-0.662	7.459e-01	0.338	0.428	0.591	6.972e-01
PYGO2	-0.565	7.139e-01	-0.631	0.431	0.595	7.052e-01
SP4	-0.912	8.192e-01	-4.486	0.456	0.596	7.088e-01
BCLAF1	-0.710	7.612e-01	-2.942	0.445	0.597	7.102e-01
ZNF468	-0.348	6.362e-01	-1.763	0.430	0.598	7.117e-01
EZH1	-1.050	8.532e-01	-3.049	0.453	0.599	7.138e-01
ZNF273	-0.271	6.070e-01	-2.648	0.432	0.600	7.152e-01
RXRG	-1.130	8.708e-01	-2.375	0.450	0.602	7.202e-01
MED12	-0.560	7.123e-01	-1.970	0.436	0.602	7.209e-01
ZNF175	-0.852	8.029e-01	-0.794	0.438	0.603	7.223e-01
ZFP41	-0.654	7.436e-01	-0.573	0.431	0.604	7.244e-01
BHLHE40	-0.744	7.717e-01	-4.706	0.449	0.605	7.265e-01
LRWD1	-0.725	7.657e-01	1.142	0.417	0.605	7.265e-01
SKI	-0.412	6.598e-01	-1.341	0.428	0.606	7.272e-01
MBD2	-2.284	9.888e-01	-4.370	0.474	0.606	7.286e-01
ZSCAN23	-0.198	5.785e-01	-5.106	0.436	0.607	7.293e-01
CHAMP1	-0.452	6.745e-01	-2.110	0.434	0.607	7.293e-01
ZNF414	-0.227	5.897e-01	-5.881	0.439	0.608	7.307e-01
TBL1XR1	-0.647	7.410e-01	-2.666	0.440	0.609	7.328e-01
MGEA5	-0.340	6.330e-01	-2.437	0.430	0.609	7.328e-01
ZFP69B	-0.250	5.988e-01	-4.704	0.437	0.609	7.328e-01
SMARCC2	-0.376	6.464e-01	-2.618	0.433	0.609	7.335e-01
MED1	-3.503	9.998e-01	-6.679	0.497	0.609	7.342e-01
BRD4	-4.565	1.000e+00	-7.816	0.509	0.611	7.370e-01
EGR3	-0.499	6.910e-01	-0.672	0.425	0.611	7.377e-01
ZFP2	-0.417	6.617e-01	-4.006	0.439	0.611	7.383e-01
ZEB2	-0.741	7.706e-01	-3.717	0.444	0.614	7.431e-01
ZNF264	-0.450	6.737e-01	-4.858	0.441	0.614	7.431e-01
CBX1	-0.881	8.109e-01	-7.288	0.458	0.615	7.452e-01
HDAC2	-1.908	9.718e-01	-5.697	0.473	0.616	7.472e-01
MEF2D	-0.549	7.084e-01	-1.464	0.429	0.618	7.499e-01
TET3	-1.038	8.503e-01	-4.358	0.452	0.618	7.499e-01
ZNF792	-0.278	6.097e-01	-4.779	0.436	0.618	7.513e-01
ZBTB6	-0.626	7.345e-01	-2.464	0.436	0.619	7.526e-01
ZNF100	-0.446	6.723e-01	-2.764	0.433	0.620	7.546e-01
ZNF274	-1.121	8.688e-01	1.457	0.423	0.622	7.573e-01
TARDBP	-0.872	8.085e-01	-2.870	0.443	0.622	7.586e-01
ZNF287	-0.747	7.725e-01	0.529	0.417	0.624	7.626e-01
ZNF146	-0.591	7.226e-01	-1.881	0.431	0.625	7.639e-01
GRHL1	-0.451	6.740e-01	-2.183	0.427	0.629	7.711e-01
ZNF324	-0.401	6.559e-01	-7.690	0.443	0.629	7.711e-01
ZNF528	-0.241	5.951e-01	-5.385	0.433	0.629	7.717e-01
ZBTB26	-0.639	7.387e-01	-7.460	0.447	0.631	7.743e-01
POLR3A	-0.759	7.761e-01	-2.463	0.437	0.631	7.743e-01
L3MBTL4	-0.295	6.158e-01	-4.483	0.432	0.631	7.743e-01
SETX	-0.233	5.920e-01	-5.839	0.433	0.633	7.775e-01
MYNN	-0.627	7.347e-01	-4.336	0.440	0.634	7.794e-01
NCOR2	-0.671	7.489e-01	-1.284	0.428	0.634	7.794e-01
MAX	-1.803	9.643e-01	-5.691	0.467	0.634	7.807e-01
E2F8	-0.399	6.552e-01	-2.979	0.428	0.634	7.807e-01
ZFX	-2.535	9.944e-01	-7.786	0.480	0.636	7.838e-01
ZKSCAN1	-0.818	7.934e-01	-2.997	0.440	0.637	7.845e-01
BCOR	-1.130	8.707e-01	-3.239	0.445	0.638	7.863e-01
LMO1	-0.545	7.072e-01	-1.567	0.424	0.638	7.863e-01
GLI2	-1.800	9.640e-01	-7.123	0.470	0.638	7.870e-01
WDHD1	-0.567	7.147e-01	-2.739	0.432	0.638	7.870e-01
ZEB1	-0.852	8.029e-01	-5.552	0.446	0.640	7.901e-01
CHD2	-0.908	8.180e-01	-12.140	0.459	0.640	7.907e-01
ZMIZ1	-0.567	7.146e-01	-4.247	0.436	0.642	7.938e-01
MBD1	-0.660	7.454e-01	-3.250	0.434	0.648	8.046e-01
ZNF143	-2.540	9.945e-01	-10.660	0.481	0.649	8.058e-01
ZNF391	-0.330	6.295e-01	-8.608	0.438	0.649	8.058e-01
TBL1X	-0.444	6.713e-01	-3.545	0.427	0.650	8.070e-01
SP1	-2.926	9.983e-01	-7.019	0.473	0.651	8.094e-01
SCML2	-0.672	7.492e-01	-3.503	0.433	0.655	8.152e-01
RAD51	-0.994	8.398e-01	-3.124	0.439	0.655	8.158e-01
KLF8	-0.377	6.470e-01	-6.625	0.434	0.656	8.175e-01
BCL3	-3.396	9.997e-01	-5.988	0.469	0.657	8.192e-01
ETV7	-0.485	6.861e-01	-3.278	0.426	0.657	8.192e-01
ZNF837	-0.742	7.709e-01	-2.770	0.430	0.659	8.214e-01
ZBTB1	-0.437	6.691e-01	-5.709	0.432	0.659	8.220e-01
KLF11	-0.792	7.858e-01	-4.009	0.435	0.665	8.314e-01
ZNF263	-1.475	9.300e-01	-3.855	0.447	0.666	8.325e-01
ZNF24	-1.003	8.421e-01	-4.790	0.442	0.666	8.330e-01
POU2F1	-0.809	7.908e-01	-0.519	0.414	0.667	8.336e-01
MYH11	-1.835	9.668e-01	-6.994	0.461	0.669	8.363e-01
HSF1	-1.757	9.605e-01	-8.451	0.464	0.670	8.384e-01
RUNX1T1	-1.313	9.054e-01	-1.575	0.435	0.670	8.384e-01
ZNF574	-0.265	6.045e-01	-9.791	0.433	0.670	8.389e-01
E2F5	-0.621	7.327e-01	-4.292	0.429	0.670	8.389e-01
FOXG1	-0.514	6.965e-01	-3.908	0.425	0.671	8.400e-01
ZNF18	-0.840	7.994e-01	-8.388	0.445	0.672	8.405e-01
TRIM25	-1.636	9.491e-01	-2.646	0.443	0.675	8.452e-01
ZNF436	-0.895	8.146e-01	-0.455	0.411	0.678	8.492e-01
LANA	-0.980	8.365e-01	-9.113	0.447	0.678	8.502e-01
ZNF341	-0.761	7.766e-01	-3.653	0.429	0.678	8.502e-01
ZMYM3	-2.311	9.896e-01	-2.354	0.445	0.679	8.512e-01
CDK8	-1.873	9.694e-01	-6.806	0.457	0.682	8.547e-01
MYC	-9.354	1.000e+00	-26.661	0.493	0.684	8.581e-01
ETV1	-0.908	8.181e-01	-9.008	0.444	0.684	8.586e-01
ZMYND8	-1.226	8.898e-01	-4.025	0.440	0.686	8.605e-01
ZBTB8A	-0.656	7.442e-01	-4.426	0.427	0.686	8.605e-01
GTF2F1	-0.976	8.354e-01	-15.315	0.450	0.686	8.610e-01
ZNF260	-0.622	7.330e-01	-3.572	0.421	0.688	8.634e-01
NR0B1	-0.458	6.765e-01	-6.483	0.427	0.689	8.643e-01
USF2	-1.644	9.499e-01	-6.343	0.451	0.689	8.648e-01
CD74	-1.179	8.808e-01	-2.033	0.429	0.689	8.653e-01
MEN1	-0.842	8.000e-01	-3.234	0.427	0.690	8.657e-01
ETS2	-1.245	8.935e-01	-5.427	0.442	0.692	8.680e-01
NCOR1	-1.220	8.888e-01	-7.590	0.446	0.692	8.685e-01
PPARGC1A	-0.613	7.301e-01	-3.974	0.422	0.692	8.685e-01
TAZ	-0.675	7.501e-01	-2.993	0.419	0.693	8.699e-01
ZNF441	-0.594	7.239e-01	-4.413	0.422	0.694	8.713e-01
PPARD	-0.494	6.895e-01	-6.104	0.425	0.695	8.717e-01
POLR2H	-0.772	7.799e-01	-3.800	0.425	0.696	8.731e-01
YY1	-5.065	1.000e+00	-20.494	0.479	0.697	8.753e-01
BRCA1	-1.772	9.618e-01	-17.122	0.465	0.700	8.784e-01
ADNP	-0.829	7.963e-01	-3.186	0.424	0.700	8.784e-01
POLR2A	-35.877	1.000e+00	-55.807	0.492	0.700	8.788e-01
ORC2	-0.595	7.242e-01	-4.897	0.422	0.700	8.788e-01
TRAF7	-1.170	8.790e-01	-5.236	0.438	0.701	8.797e-01
CBFB	-2.658	9.961e-01	-7.778	0.459	0.701	8.801e-01
MKL1	-0.479	6.840e-01	-7.292	0.426	0.702	8.806e-01
MORC2	-1.506	9.340e-01	-6.555	0.447	0.702	8.810e-01
L3MBTL2	-0.829	7.964e-01	-3.313	0.424	0.702	8.814e-01
ZBTB40	-1.367	9.141e-01	-4.850	0.440	0.704	8.831e-01
NELFE	-4.963	1.000e+00	-34.211	0.486	0.704	8.836e-01
ZNF610	-0.682	7.524e-01	-8.460	0.434	0.706	8.857e-01
STAT5B	-1.871	9.694e-01	-2.591	0.438	0.706	8.861e-01
CDK12	-0.652	7.427e-01	-4.651	0.420	0.709	8.890e-01
ZNF189	-0.465	6.790e-01	-8.864	0.426	0.709	8.894e-01
MIER1	-0.810	7.909e-01	-4.143	0.424	0.710	8.898e-01
ZNF318	-1.103	8.650e-01	-2.671	0.425	0.710	8.906e-01
ING2	-0.608	7.284e-01	-5.726	0.422	0.711	8.914e-01
ZNF282	-1.008	8.433e-01	-2.623	0.421	0.712	8.926e-01
ZNF423	-0.867	8.071e-01	-4.277	0.424	0.716	8.970e-01
ZNF343	-0.521	6.988e-01	-7.945	0.425	0.717	8.982e-01
E2F6	-2.019	9.783e-01	-7.910	0.451	0.718	8.990e-01
SON	-0.985	8.376e-01	-1.848	0.407	0.719	8.997e-01
AFF4	-3.896	1.000e+00	-35.021	0.476	0.719	9.005e-01
KLF17	-0.806	7.899e-01	-5.309	0.424	0.720	9.016e-01
CDK7	-1.751	9.600e-01	-6.866	0.446	0.723	9.039e-01
ZNF71	-0.797	7.874e-01	-12.936	0.436	0.723	9.043e-01
CNOT3	-1.262	8.965e-01	-1.115	0.413	0.723	9.046e-01
BRD3	-1.914	9.722e-01	-18.223	0.458	0.726	9.072e-01
MAZ	-1.586	9.436e-01	-6.563	0.442	0.727	9.079e-01
ZNF644	-0.871	8.081e-01	-5.644	0.425	0.727	9.083e-01
WHSC1	-0.938	8.259e-01	-3.742	0.420	0.727	9.083e-01
DLX1	-0.636	7.375e-01	-6.549	0.421	0.727	9.087e-01
CCDC101	-0.814	7.923e-01	-9.713	0.432	0.732	9.133e-01
CREB1	-3.274	9.995e-01	-14.940	0.460	0.734	9.150e-01
NFATC1	-1.612	9.466e-01	-9.908	0.446	0.734	9.154e-01
GTF2A2	-0.904	8.171e-01	-3.094	0.410	0.734	9.154e-01
ZNF589	-0.906	8.176e-01	-5.695	0.424	0.735	9.160e-01
SOX9	-0.977	8.357e-01	-10.957	0.436	0.735	9.160e-01
FOXJ2	-0.839	7.994e-01	-5.910	0.423	0.735	9.167e-01
WDR5	-1.941	9.739e-01	-7.508	0.445	0.737	9.177e-01
ZNF121	-1.258	8.958e-01	-4.744	0.429	0.737	9.177e-01
ZNF197	-0.830	7.968e-01	-6.474	0.424	0.738	9.191e-01
MCM7	-1.487	9.315e-01	-2.701	0.424	0.741	9.220e-01
ZBTB7A	-3.769	9.999e-01	-8.731	0.452	0.743	9.240e-01
GLI4	-0.824	7.950e-01	-8.119	0.426	0.743	9.240e-01
ZTA	-1.667	9.522e-01	-0.446	0.405	0.744	9.246e-01
ZNF584	-0.939	8.261e-01	-5.886	0.423	0.744	9.249e-01
BARX1	-0.707	7.601e-01	-7.017	0.418	0.745	9.252e-01
EGR2	-1.521	9.359e-01	-3.647	0.428	0.746	9.259e-01
DIDO1	-0.848	8.018e-01	-6.864	0.422	0.749	9.287e-01
XRN2	-2.836	9.977e-01	-25.713	0.460	0.751	9.302e-01
NCOA1	-1.005	8.426e-01	-5.954	0.423	0.751	9.302e-01
TAF7	-1.662	9.517e-01	-13.220	0.445	0.752	9.314e-01
ZNF76	-1.386	9.171e-01	-10.471	0.439	0.753	9.323e-01
CD59	-0.962	8.320e-01	-4.099	0.408	0.755	9.335e-01
ZSCAN29	-0.953	8.297e-01	-6.390	0.422	0.755	9.335e-01
EGR1	-2.131	9.835e-01	-11.638	0.447	0.755	9.337e-01
PRDM2	-0.935	8.252e-01	-6.143	0.420	0.756	9.343e-01
DPF1	-1.129	8.705e-01	-7.365	0.428	0.756	9.349e-01
PML	-2.002	9.773e-01	-4.515	0.435	0.757	9.352e-01
FOXK1	-1.558	9.404e-01	-2.448	0.417	0.758	9.360e-01
GLIS2	-1.091	8.625e-01	-4.758	0.416	0.758	9.366e-01
NBN	-1.616	9.469e-01	-5.210	0.431	0.761	9.383e-01
HOXA4	-0.696	7.568e-01	-10.045	0.419	0.761	9.389e-01
RARG	-1.414	9.214e-01	-3.339	0.419	0.762	9.391e-01
PCGF1	-1.461	9.281e-01	-5.330	0.428	0.762	9.394e-01
E2F3	-0.708	7.606e-01	-9.698	0.418	0.763	9.402e-01
ASXL1	-0.653	7.432e-01	-12.595	0.420	0.763	9.402e-01
ZNF83	-1.096	8.635e-01	-10.524	0.429	0.767	9.429e-01
MCM3	-1.119	8.684e-01	-5.234	0.416	0.767	9.429e-01
RAC3	-1.070	8.577e-01	-3.946	0.403	0.767	9.429e-01
TRRAP	-0.950	8.289e-01	-9.670	0.425	0.767	9.434e-01
HDAC1	-3.649	9.999e-01	-14.525	0.450	0.769	9.445e-01
ZBTB33	-3.768	9.999e-01	-18.454	0.453	0.769	9.447e-01
PHIP	-1.722	9.574e-01	-7.000	0.435	0.771	9.460e-01
MXI1	-1.614	9.468e-01	-15.324	0.442	0.772	9.465e-01
SETD1A	-1.097	8.636e-01	-9.252	0.426	0.772	9.465e-01
PATZ1	-1.311	9.050e-01	-7.796	0.430	0.772	9.468e-01
IRF3	-1.147	8.743e-01	-13.463	0.432	0.774	9.483e-01
KDM5C	-1.663	9.519e-01	-11.170	0.439	0.775	9.485e-01
PRAME	-0.787	7.845e-01	-9.570	0.415	0.775	9.488e-01
PTPN11	-0.647	7.411e-01	-17.153	0.420	0.776	9.493e-01
GTF3C2	-1.147	8.743e-01	-7.170	0.422	0.779	9.512e-01
ZNF445	-1.612	9.465e-01	-1.088	0.376	0.779	9.517e-01
CDK9	-3.638	9.999e-01	-10.261	0.444	0.780	9.519e-01
KLF7	-0.897	8.151e-01	-12.577	0.423	0.780	9.521e-01
HDGF	-2.109	9.825e-01	-5.145	0.430	0.780	9.524e-01
MLLT1	-2.340	9.904e-01	-6.490	0.436	0.781	9.526e-01
ZBTB14	-1.035	8.497e-01	-5.576	0.404	0.781	9.526e-01
BPTF	-0.779	7.821e-01	-11.641	0.415	0.782	9.531e-01
SIN3A	-3.009	9.987e-01	-22.682	0.450	0.782	9.533e-01
NFYB	-1.294	9.022e-01	-7.754	0.426	0.782	9.533e-01
INTS12	-0.812	7.917e-01	-9.246	0.414	0.782	9.533e-01
MYCN	-2.555	9.947e-01	-13.694	0.444	0.783	9.538e-01
KMT2A	-2.371	9.911e-01	-4.992	0.431	0.783	9.538e-01
HLTF	-1.136	8.720e-01	-6.608	0.417	0.783	9.540e-01
BRD2	-2.931	9.983e-01	-26.302	0.451	0.784	9.547e-01
EP400	-0.880	8.107e-01	-8.079	0.411	0.784	9.549e-01
THAP11	-0.765	7.778e-01	-13.563	0.416	0.785	9.553e-01
SP3	-0.967	8.332e-01	-10.777	0.420	0.787	9.562e-01
ZKSCAN8	-1.167	8.785e-01	-7.327	0.420	0.787	9.562e-01
AGO2	-0.801	7.885e-01	-11.845	0.415	0.787	9.567e-01
STAT2	-1.474	9.298e-01	-8.447	0.429	0.789	9.578e-01
FOXK2	-1.678	9.533e-01	-5.830	0.426	0.789	9.580e-01
CSDE1	-1.512	9.348e-01	-5.451	0.421	0.790	9.582e-01
CREB3	-1.269	8.977e-01	-5.335	0.411	0.792	9.595e-01
TGIF2	-1.109	8.662e-01	-9.074	0.418	0.796	9.615e-01
RFX2	-0.789	7.849e-01	-15.123	0.415	0.796	9.617e-01
ZBTB7B	-0.811	7.914e-01	-13.835	0.414	0.798	9.627e-01
ZNF639	-1.895	9.710e-01	-15.102	0.439	0.798	9.629e-01
ID3	-1.217	8.881e-01	-6.840	0.414	0.798	9.631e-01
CDC5L	-1.273	8.985e-01	-5.958	0.413	0.799	9.635e-01
ZNF592	-1.424	9.227e-01	-5.018	0.408	0.801	9.647e-01
ZSCAN5A	-1.066	8.567e-01	-12.017	0.419	0.801	9.647e-01
E2F1	-7.702	1.000e+00	-25.960	0.449	0.802	9.653e-01
HDAC8	-1.429	9.235e-01	-8.659	0.424	0.803	9.656e-01
KLF1	-2.304	9.894e-01	-9.290	0.435	0.803	9.658e-01
RBBP5	-2.421	9.923e-01	-11.794	0.437	0.804	9.662e-01
COPS2	-0.925	8.225e-01	-11.515	0.409	0.806	9.669e-01
ARID5B	-1.151	8.751e-01	-6.434	0.400	0.806	9.671e-01
KLF3	-1.210	8.868e-01	-5.849	0.397	0.806	9.673e-01
HOXA6	-0.902	8.164e-01	-12.978	0.410	0.808	9.682e-01
TET1	-0.935	8.252e-01	-12.128	0.409	0.810	9.691e-01
TBP	-1.896	9.710e-01	-20.829	0.439	0.812	9.700e-01
RAG2	-1.062	8.558e-01	-8.584	0.403	0.812	9.703e-01
HINFP	-1.334	9.089e-01	-8.838	0.419	0.813	9.705e-01
ASH1L	-0.881	8.109e-01	-14.918	0.411	0.813	9.705e-01
NFRKB	-1.243	8.931e-01	-7.984	0.411	0.813	9.706e-01
CCNT2	-1.006	8.428e-01	-10.576	0.406	0.814	9.710e-01
DNMT3B	-2.808	9.975e-01	-5.593	0.425	0.815	9.715e-01
NCAPH2	-1.610	9.463e-01	-4.511	0.400	0.815	9.716e-01
ZNF783	-1.250	8.944e-01	-6.245	0.395	0.819	9.733e-01
CASP8AP2	-1.056	8.545e-01	-9.867	0.404	0.819	9.733e-01
INTS11	-1.867	9.691e-01	-5.397	0.415	0.820	9.736e-01
SREBF2	-1.055	8.543e-01	-11.504	0.404	0.822	9.745e-01
YBX3	-1.442	9.254e-01	-6.836	0.406	0.824	9.756e-01
UBTF	-2.028	9.787e-01	-14.195	0.432	0.825	9.759e-01
ZNF740	-1.629	9.484e-01	-8.250	0.420	0.825	9.760e-01
KLF6	-1.037	8.502e-01	-12.731	0.404	0.826	9.762e-01
ARNT2	-1.007	8.430e-01	-13.856	0.406	0.826	9.765e-01
REL	-1.493	9.323e-01	-7.626	0.413	0.827	9.768e-01
HBP1	-1.237	8.919e-01	-13.407	0.415	0.829	9.773e-01
GABP	-1.271	8.981e-01	-13.180	0.418	0.829	9.773e-01
ATF1	-2.427	9.924e-01	-16.183	0.435	0.830	9.779e-01
MNT	-1.536	9.377e-01	-9.200	0.417	0.831	9.785e-01
RUVBL1	-1.005	8.426e-01	-17.093	0.406	0.833	9.791e-01
FGFR1	-1.489	9.317e-01	-8.390	0.412	0.833	9.791e-01
GABPA	-4.379	1.000e+00	-23.560	0.441	0.835	9.797e-01
ELF1	-2.797	9.974e-01	-28.316	0.440	0.835	9.798e-01
FOXP3	-1.560	9.406e-01	-6.950	0.405	0.835	9.798e-01
KDM3A	-1.253	8.949e-01	-14.114	0.414	0.836	9.802e-01
ZNF281	-1.239	8.923e-01	-8.746	0.396	0.837	9.803e-01
LEO1	-1.414	9.214e-01	-6.331	0.388	0.837	9.806e-01
ZNF687	-1.571	9.419e-01	-6.739	0.401	0.838	9.807e-01
KDM4C	-1.129	8.706e-01	-13.133	0.400	0.838	9.808e-01
HMGN3	-1.134	8.717e-01	-12.720	0.400	0.838	9.810e-01
E2F4	-2.583	9.951e-01	-52.210	0.441	0.839	9.814e-01
KLF9	-2.655	9.960e-01	-11.538	0.429	0.839	9.814e-01
MBTD1	-1.024	8.472e-01	-17.756	0.405	0.839	9.814e-01
SREBF1	-1.631	9.486e-01	-13.759	0.422	0.842	9.823e-01
NPAT	-1.056	8.544e-01	-17.672	0.404	0.843	9.826e-01
ETS1	-4.578	1.000e+00	-14.687	0.435	0.844	9.829e-01
CHD1	-4.054	1.000e+00	-23.083	0.437	0.848	9.843e-01
ARNTL	-2.088	9.816e-01	-14.545	0.426	0.849	9.846e-01
SIX5	-2.128	9.833e-01	-19.271	0.429	0.851	9.851e-01
BCL11B	-2.851	9.978e-01	-23.722	0.435	0.852	9.855e-01
FEV	-1.217	8.883e-01	-14.065	0.397	0.853	9.856e-01
CDK6	-1.085	8.610e-01	-22.960	0.402	0.854	9.860e-01
ARID2	-1.488	9.316e-01	-17.034	0.417	0.855	9.862e-01
ELK3	-1.106	8.656e-01	-22.521	0.401	0.856	9.864e-01
KDM4B	-1.369	9.145e-01	-18.543	0.415	0.856	9.866e-01
HOXA1	-1.184	8.819e-01	-16.742	0.398	0.856	9.866e-01
NR2C2	-4.019	1.000e+00	-19.773	0.434	0.857	9.868e-01
HMGN1	-1.200	8.848e-01	-16.606	0.398	0.857	9.869e-01
IRAK1	-1.226	8.898e-01	-15.436	0.396	0.859	9.873e-01
KAT8	-1.921	9.726e-01	-10.889	0.416	0.860	9.875e-01
TAF1	-3.216	9.994e-01	-31.276	0.436	0.860	9.877e-01
INO80	-2.582	9.951e-01	-12.224	0.423	0.862	9.881e-01
VEZF1	-1.434	9.242e-01	-17.287	0.408	0.867	9.893e-01
HDAC6	-1.560	9.406e-01	-14.208	0.406	0.868	9.896e-01
IRAK4	-1.226	8.900e-01	-19.600	0.396	0.868	9.898e-01
THAP1	-1.178	8.807e-01	-24.259	0.399	0.869	9.899e-01
ASCL2	-1.262	8.965e-01	-17.077	0.395	0.870	9.901e-01
TFDP1	-2.269	9.884e-01	-16.520	0.421	0.872	9.907e-01
FOXD2	-1.316	9.059e-01	-15.877	0.393	0.876	9.914e-01
MAFB	-1.270	8.980e-01	-18.314	0.395	0.877	9.917e-01
KRAB	-2.611	9.955e-01	-8.920	0.407	0.878	9.919e-01
MXD3	-1.296	9.026e-01	-17.412	0.394	0.879	9.919e-01
GTF2E2	-1.275	8.988e-01	-18.608	0.394	0.880	9.922e-01
SAP30	-2.735	9.969e-01	-22.787	0.424	0.885	9.932e-01
ZBTB10	-1.264	8.969e-01	-24.708	0.395	0.886	9.933e-01
ELL2	-3.374	9.996e-01	-24.816	0.426	0.888	9.937e-01
OGT	-2.335	9.902e-01	-39.982	0.426	0.889	9.939e-01
KLF12	-1.425	9.229e-01	-17.454	0.387	0.890	9.940e-01
SP2	-2.216	9.867e-01	-15.675	0.411	0.891	9.942e-01
ZSCAN22	-1.680	9.536e-01	-23.119	0.410	0.892	9.943e-01
SUPT5H	-3.617	9.999e-01	-28.602	0.426	0.892	9.944e-01
MCRS1	-1.263	8.967e-01	-29.547	0.395	0.892	9.944e-01
BARX2	-1.250	8.943e-01	-34.316	0.395	0.893	9.945e-01
HCFC1	-2.679	9.963e-01	-35.499	0.426	0.893	9.945e-01
ZNF75A	-1.350	9.114e-01	-24.148	0.391	0.894	9.946e-01
NFAT5	-1.415	9.215e-01	-22.201	0.388	0.895	9.948e-01
PAF1	-4.983	1.000e+00	-29.125	0.428	0.895	9.949e-01
NRF1	-6.055	1.000e+00	-30.102	0.428	0.896	9.949e-01
NFYA	-2.370	9.911e-01	-23.224	0.418	0.896	9.950e-01
HEY1	-1.725	9.577e-01	-17.853	0.398	0.898	9.952e-01
CPSF3L	-2.288	9.889e-01	-32.715	0.422	0.898	9.952e-01
RBCK1	-1.293	9.020e-01	-30.932	0.394	0.899	9.954e-01
DEAF1	-1.254	8.951e-01	-46.369	0.395	0.900	9.956e-01
MAPK1	-2.100	9.821e-01	-12.071	0.385	0.904	9.960e-01
ORC1	-1.389	9.175e-01	-29.724	0.389	0.904	9.961e-01
PHF6	-1.651	9.506e-01	-14.621	0.372	0.905	9.962e-01
ATOH1	-1.338	9.096e-01	-32.854	0.392	0.905	9.962e-01
NKRF	-1.894	9.709e-01	-19.835	0.399	0.906	9.962e-01
SNAPC1	-1.532	9.372e-01	-20.964	0.382	0.906	9.962e-01
TAF3	-1.465	9.286e-01	-25.531	0.386	0.907	9.963e-01
POLR2B	-1.884	9.702e-01	-25.271	0.405	0.907	9.964e-01
RBL2	-2.625	9.957e-01	-29.066	0.417	0.911	9.968e-01
NFYC	-1.395	9.185e-01	-34.836	0.389	0.911	9.968e-01
KLF10	-1.814	9.652e-01	-27.155	0.399	0.913	9.971e-01
KLF13	-1.816	9.653e-01	-22.576	0.395	0.914	9.971e-01
ZIC2	-1.500	9.332e-01	-27.889	0.384	0.914	9.971e-01
CSNK2A1	-1.476	9.301e-01	-32.016	0.385	0.917	9.975e-01
ELF2	-1.430	9.236e-01	-40.042	0.387	0.918	9.976e-01
SRSF3	-1.726	9.578e-01	-30.725	0.398	0.919	9.976e-01
GMEB1	-1.455	9.272e-01	-41.502	0.386	0.921	9.977e-01
ZBTB11	-2.838	9.977e-01	-27.947	0.412	0.921	9.978e-01
KMT2D	-3.620	9.999e-01	-28.296	0.415	0.921	9.978e-01
ZNF711	-1.541	9.383e-01	-30.600	0.382	0.922	9.979e-01
ELK1	-3.364	9.996e-01	-31.706	0.416	0.925	9.981e-01
TDRD3	-1.626	9.480e-01	-28.970	0.375	0.926	9.982e-01
TCOF1	-1.703	9.557e-01	-23.171	0.364	0.927	9.983e-01
FXR1	-1.729	9.581e-01	-22.976	0.350	0.928	9.983e-01
FAM208A	-2.203	9.862e-01	-20.119	0.383	0.929	9.984e-01
BRD1	-1.655	9.510e-01	-27.729	0.372	0.929	9.984e-01
SMAD5	-2.096	9.820e-01	-25.717	0.388	0.932	9.986e-01
KAT7	-1.646	9.501e-01	-30.306	0.373	0.932	9.986e-01
AUTS2	-1.644	9.499e-01	-32.291	0.373	0.934	9.987e-01
TAFII	-1.939	9.738e-01	-37.817	0.396	0.935	9.987e-01
GTF2B	-4.446	1.000e+00	-42.298	0.415	0.940	9.990e-01
ZNF131	-1.637	9.492e-01	-44.663	0.373	0.940	9.990e-01
DCP1A	-2.012	9.779e-01	-59.452	0.396	0.940	9.990e-01
EMSY	-1.628	9.483e-01	-71.449	0.375	0.941	9.991e-01
PHF2	-2.126	9.833e-01	-29.452	0.384	0.941	9.991e-01
SPIN1	-1.694	9.549e-01	-35.979	0.366	0.943	9.991e-01
BRPF3	-2.761	9.971e-01	-23.072	0.382	0.944	9.992e-01
PHF8	-5.315	1.000e+00	-40.155	0.409	0.949	9.994e-01
ELK4	-2.897	9.981e-01	-33.994	0.396	0.950	9.994e-01
RBP2	-1.696	9.551e-01	-251.730	0.366	0.950	9.995e-01
EPC1	-2.299	9.893e-01	-38.164	0.377	0.955	9.996e-01
KAT5	-2.614	9.955e-01	-41.870	0.388	0.957	9.996e-01
RPE	-3.043	9.988e-01	-34.977	0.392	0.958	9.997e-01
U2AF1	-2.850	9.978e-01	-57.790	0.392	0.962	9.997e-01
DDX21	-2.316	9.897e-01	-93.152	0.378	0.962	9.998e-01
GMEB2	-2.342	9.904e-01	-159.125	0.377	0.964	9.998e-01
NELFA	-4.952	1.000e+00	-83.442	0.396	0.967	9.998e-01
KDM5A	-3.325	9.996e-01	-52.452	0.379	0.972	9.999e-01
