from.id	from.cord	to.id	to.cord
3	120000	27	1080000
28	1120000	70	2800000
71	2840000	123	4920000
124	4960000	166	6640000
167	6680000	188	7520000
189	7560000	249	9960000
250	10000000	317	12680000
318	12720000	395	15800000
396	15840000	401	16040000
402	16080000	439	17560000
440	17600000	484	19360000
485	19400000	531	21240000
532	21280000	683	27320000
684	27360000	689	27560000
690	27600000	809	32360000
810	32400000	897	35880000
898	35920000	937	37480000
938	37520000	969	38760000
975	39000000	979	39160000
1102	44080000	1105	44200000
1119	44760000	1122	44880000
1707	68280000	1712	68480000
1773	70920000	1832	73280000
1834	73360000	2308	92320000
2317	92680000	2578	103120000
2579	103160000	2598	103920000
2600	104000000	2628	105120000
2629	105160000	2661	106440000
2664	106560000	2667	106680000
2672	106880000	2675	107000000
2722	108880000	2726	109040000
2744	109760000	2748	109920000
