from.id	from.cord	to.id	to.cord
503	20120000	977	39080000
981	39240000	987	39480000
990	39600000	996	39840000
1000	40000000	1014	40560000
1015	40600000	1123	44920000
1124	44960000	1146	45840000
1147	45880000	1188	47520000
1189	47560000	1222	48880000
1223	48920000	1269	50760000
1270	50800000	1401	56040000
1402	56080000	1453	58120000
1454	58160000	1482	59280000
1483	59320000	1492	59680000
1493	59720000	1522	60880000
1523	60920000	1558	62320000
1559	62360000	1630	65200000
1631	65240000	1639	65560000
1640	65600000	1746	69840000
1747	69880000	1801	72040000
1802	72080000	1877	75080000
1878	75120000	1883	75320000
1884	75360000	1962	78480000
1963	78520000	1985	79400000
1986	79440000	2053	82120000
2054	82160000	2091	83640000
2092	83680000	2133	85320000
2134	85360000	2161	86440000
2162	86480000	2185	87400000
