from.id	from.cord	to.id	to.cord
18	720000	63	2520000
67	2680000	83	3320000
84	3360000	90	3600000
91	3640000	95	3800000
100	4000000	117	4680000
118	4720000	166	6640000
167	6680000	186	7440000
187	7480000	219	8760000
220	8800000	265	10600000
266	10640000	323	12920000
344	13760000	362	14480000
366	14640000	389	15560000
390	15600000	427	17080000
429	17160000	438	17520000
439	17560000	487	19480000
488	19520000	527	21080000
528	21120000	541	21640000
542	21680000	567	22680000
568	22720000	606	24240000
609	24360000	653	26120000
654	26160000	669	26760000
670	26800000	746	29840000
750	30000000	785	31400000
786	31440000	794	31760000
798	31920000	832	33280000
833	33320000	885	35400000
886	35440000	928	37120000
929	37160000	962	38480000
963	38520000	969	38760000
970	38800000	997	39880000
998	39920000	1110	44400000
1111	44440000	1145	45800000
1146	45840000	1177	47080000
1178	47120000	1199	47960000
1200	48000000	1214	48560000
1215	48600000	1228	49120000
1229	49160000	1554	62160000
1555	62200000	1647	65880000
1648	65920000	1774	70960000
1775	71000000	1820	72800000
1821	72840000	1913	76520000
1914	76560000	1974	78960000
1975	79000000	2030	81200000
2031	81240000	2048	81920000
2053	82120000	2057	82280000
2077	83080000	2080	83200000
2085	83400000	2088	83520000
2105	84200000	2108	84320000
2121	84840000	2126	85040000
2127	85080000	2130	85200000
2131	85240000	2135	85400000
2137	85480000	2141	85640000
2143	85720000	2146	85840000
2156	86240000	2159	86360000
2207	88280000	2210	88400000
2223	88920000	2227	89080000
2236	89440000	2274	90960000
2275	91000000	2314	92560000
2315	92600000	2405	96200000
2406	96240000	2414	96560000
2415	96600000	2420	96800000
2421	96840000	2437	97480000
2438	97520000	2594	103760000
2600	104000000	2603	104120000
2607	104280000	2718	108720000
2725	109000000	2881	115240000
2882	115280000	2900	116000000
2901	116040000	2917	116680000
2918	116720000	2950	118000000
2951	118040000	2999	119960000
3000	120000000	3010	120400000
3011	120440000	3017	120680000
3030	121200000	3033	121320000
3563	142520000	3567	142680000
3585	143400000	3588	143520000
3598	143920000	3601	144040000
3620	144800000	3632	145280000
3637	145480000	3645	145800000
3661	146440000	3685	147400000
3725	149000000	3734	149360000
3741	149640000	3744	149760000
3746	149840000	4461	178440000
4462	178480000	4481	179240000
4482	179280000	4914	196560000
4915	196600000	5056	202240000
5057	202280000	5129	205160000
5130	205200000	5147	205880000
5152	206080000	5158	206320000
5162	206480000	5194	207760000
5195	207800000	5259	210360000
5260	210400000	5304	212160000
5305	212200000	5348	213920000
5349	213960000	5449	217960000
5450	218000000	5506	220240000
5507	220280000	5512	220480000
5513	220520000	5534	221360000
