from.id	from.cord	to.id	to.cord
2	80000	5	200000
9	360000	38	1520000
39	1560000	73	2920000
74	2960000	148	5920000
150	6000000	169	6760000
171	6840000	286	11440000
287	11480000	336	13440000
337	13480000	379	15160000
380	15200000	405	16200000
406	16240000	424	16960000
425	17000000	471	18840000
472	18880000	498	19920000
499	19960000	519	20760000
520	20800000	544	21760000
545	21800000	568	22720000
569	22760000	592	23680000
593	23720000	611	24440000
612	24480000	634	25360000
635	25400000	683	27320000
684	27360000	710	28400000
711	28440000	758	30320000
759	30360000	770	30800000
771	30840000	822	32880000
823	32920000	831	33240000
832	33280000	914	36560000
915	36600000	1005	40200000
1006	40240000	1076	43040000
1077	43080000	1102	44080000
1103	44120000	1208	48320000
1209	48360000	1257	50280000
1258	50320000	1289	51560000
1290	51600000	1377	55080000
1378	55120000	1407	56280000
1408	56320000	1421	56840000
1433	57320000	1436	57440000
1437	57480000	1450	58000000
1543	61720000	1547	61880000
1550	62000000	1568	62720000
1581	63240000	1624	64960000
1629	65160000	1632	65280000
1635	65400000	1644	65760000
1646	65840000	1649	65960000
1650	66000000	1654	66160000
1656	66240000	1675	67000000
1688	67520000	1717	68680000
1718	68720000	1735	69400000
1736	69440000	1765	70600000
1766	70640000	1776	71040000
1777	71080000	1810	72400000
1816	72640000	1831	73240000
1832	73280000	1853	74120000
1876	75040000	1888	75520000
1889	75560000	1915	76600000
1917	76680000	1956	78240000
1957	78280000	1986	79440000
1987	79480000	2064	82560000
2065	82600000	2105	84200000
2106	84240000	2158	86320000
2159	86360000	2206	88240000
2207	88280000	2262	90480000
2263	90520000	2295	91800000
2296	91840000	2328	93120000
2329	93160000	2376	95040000
2377	95080000	2417	96680000
2418	96720000	2438	97520000
2439	97560000	2458	98320000
2459	98360000	2513	100520000
2515	100600000	2552	102080000
2558	102320000	2611	104440000
2612	104480000	2651	106040000
2653	106120000	2670	106800000
2671	106840000	3083	123320000
3084	123360000	3158	126320000
3176	127040000	3179	127160000
3180	127200000	3183	127320000
3247	129880000	3250	130000000
3256	130240000	3418	136720000
3419	136760000	3497	139880000
3498	139920000	3556	142240000
3558	142320000	3569	142760000
3570	142800000	3580	143200000
3588	143520000	3596	143840000
3601	144040000	3619	144760000
3620	144800000	3760	150400000
3761	150440000	3824	152960000
