from.id	from.cord	to.id	to.cord
0	0	11	440000
12	480000	35	1400000
38	1520000	89	3560000
90	3600000	104	4160000
105	4200000	164	6560000
165	6600000	178	7120000
179	7160000	216	8640000
217	8680000	228	9120000
234	9360000	321	12840000
322	12880000	391	15640000
392	15680000	443	17720000
444	17760000	471	18840000
472	18880000	565	22600000
566	22640000	638	25520000
639	25560000	699	27960000
700	28000000	772	30880000
773	30920000	905	36200000
906	36240000	945	37800000
946	37840000	1232	49280000
1237	49480000	1241	49640000
1317	52680000	1622	64880000
1623	64920000	1673	66920000
1674	66960000	1732	69280000
1737	69480000	1881	75240000
1887	75480000	2169	86760000
2170	86800000	2203	88120000
2204	88160000	2254	90160000
2255	90200000	2340	93600000
2341	93640000	2360	94400000
2361	94440000	2446	97840000
2447	97880000	2501	100040000
2502	100080000	2539	101560000
2540	101600000	2564	102560000
2565	102600000	2765	110600000
2766	110640000	2811	112440000
2812	112480000	2827	113080000
2828	113120000	2917	116680000
2918	116720000	2934	117360000
2935	117400000	2944	117760000
2945	117800000	2981	119240000
2982	119280000	3071	122840000
3072	122880000	3076	123040000
3077	123080000	3107	124280000
3108	124320000	3147	125880000
3148	125920000	3219	128760000
3220	128800000	3309	132360000
3310	132400000	3339	133560000
3340	133600000	3405	136200000
3406	136240000	3431	137240000
3432	137280000	3471	138840000
3472	138880000	3537	141480000
3538	141520000	3587	143480000
3588	143520000	3631	145240000
3632	145280000	3703	148120000
3801	152040000	3804	152160000
3929	157160000	3932	157280000
3933	157320000	3937	157480000
3939	157560000	3942	157680000
3954	158160000	4081	163240000
4082	163280000	4095	163800000
4096	163840000	4144	165760000
4145	165800000	4195	167800000
4196	167840000	4213	168520000
4214	168560000	4242	169680000
4243	169720000	4266	170640000
4267	170680000	4362	174480000
4363	174520000	4432	177280000
4433	177320000	4448	177920000
4449	177960000	4523	180920000
4524	180960000	4648	185920000
4649	185960000	4684	187360000
