from.id	from.cord	to.id	to.cord
0	0	4	160000
5	200000	48	1920000
49	1960000	167	6680000
168	6720000	239	9560000
240	9600000	379	15160000
380	15200000	429	17160000
430	17200000	438	17520000
441	17640000	538	21520000
541	21640000	670	26800000
671	26840000	736	29440000
737	29480000	785	31400000
786	31440000	803	32120000
804	32160000	1088	43520000
1089	43560000	1159	46360000
1238	49520000	1242	49680000
1244	49760000	1250	50000000
1255	50200000	1261	50440000
1263	50520000	1267	50680000
1270	50800000	1309	52360000
1316	52640000	1320	52800000
1323	52920000	1327	53080000
1329	53160000	1333	53320000
1335	53400000	1346	53840000
1348	53920000	1362	54480000
1364	54560000	1367	54680000
1369	54760000	1374	54960000
1379	55160000	1384	55360000
1386	55440000	1391	55640000
1393	55720000	1401	56040000
1403	56120000	1408	56320000
1412	56480000	1420	56800000
1423	56920000	1434	57360000
1438	57520000	1443	57720000
1445	57800000	1458	58320000
1476	59040000	1479	59160000
1480	59200000	1521	60840000
1522	60880000	1558	62320000
1559	62360000	1616	64640000
1618	64720000	1660	66400000
1661	66440000	1712	68480000
1713	68520000	1720	68800000
1766	70640000	1781	71240000
1782	71280000	1810	72400000
1811	72440000	1830	73200000
1831	73240000	1969	78760000
1970	78800000	2024	80960000
2025	81000000	2191	87640000
2192	87680000	2288	91520000
2292	91680000	2370	94800000
2371	94840000	2389	95560000
2390	95600000	2412	96480000
2414	96560000	2490	99600000
2491	99640000	2535	101400000
2536	101440000	2573	102920000
2574	102960000	2693	107720000
2694	107760000	2707	108280000
2708	108320000	2799	111960000
2800	112000000	2981	119240000
2982	119280000	3015	120600000
3016	120640000	3041	121640000
3042	121680000	3116	124640000
3117	124680000	3159	126360000
3160	126400000	3193	127720000
3194	127760000	3262	130480000
3263	130520000	3293	131720000
3294	131760000	3424	136960000
3425	137000000	3458	138320000
3459	138360000	3469	138760000
3471	138840000	3553	142120000
3554	142160000	3672	146880000
3673	146920000	3800	152000000
3801	152040000	3841	153640000
3842	153680000	3888	155520000
3889	155560000	3937	157480000
3938	157520000	3967	158680000
3968	158720000	3981	159240000
3982	159280000	4086	163440000
4087	163480000	4119	164760000
4120	164800000	4195	167800000
4196	167840000	4272	170880000
4273	170920000	4340	173600000
4341	173640000	4382	175280000
4383	175320000	4388	175520000
4389	175560000	4392	175680000
