from.id	from.cord	to.id	to.cord
1	40000	12	480000
13	520000	55	2200000
56	2240000	179	7160000
182	7280000	212	8480000
214	8560000	226	9040000
234	9360000	237	9480000
239	9560000	249	9960000
251	10040000	254	10160000
256	10240000	271	10840000
273	10920000	279	11160000
281	11240000	296	11840000
298	11920000	360	14400000
362	14480000	373	14920000
375	15000000	383	15320000
385	15400000	411	16440000
413	16520000	447	17880000
449	17960000	455	18200000
459	18360000	494	19760000
495	19800000	567	22680000
568	22720000	626	25040000
627	25080000	681	27240000
682	27280000	696	27840000
697	27880000	740	29600000
741	29640000	777	31080000
778	31120000	783	31320000
784	31360000	823	32920000
824	32960000	862	34480000
863	34520000	871	34840000
946	37840000	1133	45320000
1134	45360000	1184	47360000
1185	47400000	1276	51040000
1277	51080000	1302	52080000
1303	52120000	1533	61320000
1534	61360000	1640	65600000
1641	65640000	1681	67240000
1682	67280000	1825	73000000
1826	73040000	1881	75240000
1882	75280000	1893	75720000
1894	75760000	1924	76960000
1925	77000000	1952	78080000
1953	78120000	2090	83600000
2091	83640000	2147	85880000
2148	85920000	2211	88440000
2212	88480000	2285	91400000
2286	91440000	2310	92400000
2311	92440000	2341	93640000
2342	93680000	2406	96240000
2407	96280000	2436	97440000
2437	97480000	2481	99240000
2482	99280000	2512	100480000
2513	100520000	2548	101920000
2549	101960000	2585	103400000
2586	103440000	2631	105240000
2632	105280000	2658	106320000
2659	106360000	2934	117360000
2935	117400000	2985	119400000
2986	119440000	3015	120600000
3016	120640000	3037	121480000
3038	121520000	3183	127320000
3184	127360000	3210	128400000
3211	128440000	3216	128640000
3217	128680000	3263	130520000
