from.id	from.cord	to.id	to.cord
0	0	966	38640000
968	38720000	971	38840000
973	38920000	984	39360000
985	39400000	1031	41240000
1032	41280000	1285	51400000
1286	51440000	1318	52720000
1319	52760000	1339	53560000
1340	53600000	1353	54120000
1354	54160000	1373	54920000
1374	54960000	1418	56720000
1419	56760000	1447	57880000
1448	57920000	1467	58680000
1468	58720000	1516	60640000
1517	60680000	1549	61960000
1550	62000000	1589	63560000
1590	63600000	1619	64760000
1620	64800000	1661	66440000
1662	66480000	1684	67360000
1685	67400000	1695	67800000
1696	67840000	1725	69000000
1726	69040000	1805	72200000
1806	72240000	1823	72920000
1824	72960000	1846	73840000
1847	73880000	1932	77280000
1933	77320000	2090	83600000
2091	83640000	2138	85520000
2139	85560000	2168	86720000
2172	86880000	2177	87080000
2178	87120000	2260	90400000
2261	90440000	2314	92560000
2315	92600000	2340	93600000
2341	93640000	2388	95520000
