from.id	from.cord	to.id	to.cord
6	240000	148	5920000
149	5960000	182	7280000
185	7400000	190	7600000
193	7720000	207	8280000
208	8320000	216	8640000
218	8720000	263	10520000
264	10560000	301	12040000
302	12080000	334	13360000
335	13400000	374	14960000
375	15000000	390	15600000
391	15640000	414	16560000
415	16600000	472	18880000
473	18920000	502	20080000
503	20120000	512	20480000
514	20560000	522	20880000
524	20960000	534	21360000
535	21400000	589	23560000
590	23600000	614	24560000
693	27720000	696	27840000
697	27880000	781	31240000
782	31280000	839	33560000
840	33600000	867	34680000
868	34720000	909	36360000
910	36400000	918	36720000
920	36800000	960	38400000
963	38520000	1002	40080000
1003	40120000	1008	40320000
1009	40360000	1017	40680000
1018	40720000	1032	41280000
1033	41320000	1047	41880000
1048	41920000	1074	42960000
1075	43000000	1086	43440000
1087	43480000	1137	45480000
1138	45520000	1143	45720000
1144	45760000	1157	46280000
1163	46520000	1168	46720000
1170	46800000	1178	47120000
1182	47280000	1195	47800000
1196	47840000	1222	48880000
1223	48920000	1246	49840000
1247	49880000	1268	50720000
1269	50760000	1282	51280000
1283	51320000	1305	52200000
1306	52240000	1337	53480000
1338	53520000	1347	53880000
1348	53920000	1360	54400000
1361	54440000	1381	55240000
