from.id	from.cord	to.id	to.cord
4	160000	7	280000
8	320000	53	2120000
55	2200000	105	4200000
106	4240000	125	5000000
126	5040000	170	6800000
172	6880000	175	7000000
207	8280000	216	8640000
220	8800000	224	8960000
226	9040000	297	11880000
309	12360000	328	13120000
331	13240000	338	13520000
339	13560000	383	15320000
384	15360000	457	18280000
458	18320000	474	18960000
475	19000000	530	21200000
531	21240000	574	22960000
575	23000000	621	24840000
622	24880000	625	25000000
630	25200000	654	26160000
656	26240000	661	26440000
663	26520000	701	28040000
703	28120000	706	28240000
707	28280000	742	29680000
743	29720000	790	31600000
791	31640000	815	32600000
816	32640000	862	34480000
863	34520000	944	37760000
945	37800000	970	38800000
971	38840000	1023	40920000
1024	40960000	1073	42920000
1074	42960000	1095	43800000
1171	46840000	1177	47080000
1178	47120000	1200	48000000
1201	48040000	1275	51000000
1277	51080000	1440	57600000
1441	57640000	1491	59640000
1492	59680000	1532	61280000
1533	61320000	1591	63640000
1595	63800000	1633	65320000
1634	65360000	1765	70600000
1766	70640000	1834	73360000
1835	73400000	1876	75040000
1877	75080000	1954	78160000
1955	78200000	2018	80720000
2019	80760000	2141	85640000
2142	85680000	2163	86520000
2171	86840000	2223	88920000
2224	88960000	2264	90560000
2265	90600000	2301	92040000
2302	92080000	2379	95160000
2380	95200000	2422	96880000
2423	96920000	2706	108240000
2707	108280000	2731	109240000
2732	109280000	2805	112200000
2806	112240000	2856	114240000
2857	114280000	2921	116840000
2922	116880000	3005	120200000
3006	120240000	3041	121640000
3042	121680000	3072	122880000
3073	122920000	3282	131280000
3283	131320000	3306	132240000
3307	132280000	3316	132640000
3317	132680000	3330	133200000
3331	133240000	3343	133720000
3344	133760000	3381	135240000
3382	135280000	3540	141600000
