from.id	from.cord	to.id	to.cord
1	40000	12	480000
13	520000	38	1520000
42	1680000	77	3080000
78	3120000	91	3640000
92	3680000	132	5280000
133	5320000	152	6080000
153	6120000	197	7880000
198	7920000	221	8840000
222	8880000	289	11560000
290	11600000	353	14120000
354	14160000	452	18080000
453	18120000	500	20000000
501	20040000	543	21720000
544	21760000	584	23360000
585	23400000	605	24200000
606	24240000	638	25520000
639	25560000	643	25720000
645	25800000	649	25960000
651	26040000	657	26280000
735	29400000	741	29640000
746	29840000	749	29960000
751	30040000	755	30200000
757	30280000	768	30720000
770	30800000	781	31240000
790	31600000	793	31720000
819	32760000	822	32880000
839	33560000	882	35280000
883	35320000	890	35600000
891	35640000	940	37600000
941	37640000	978	39120000
979	39160000	1009	40360000
1010	40400000	1028	41120000
1029	41160000	1092	43680000
1093	43720000	1125	45000000
1126	45040000	1135	45400000
1136	45440000	1156	46240000
1157	46280000	1176	47040000
1177	47080000	1198	47920000
1199	47960000	1227	49080000
1228	49120000	1241	49640000
1242	49680000	1296	51840000
1297	51880000	1323	52920000
1324	52960000	1415	56600000
1416	56640000	1456	58240000
1457	58280000	1489	59560000
