TR	statistic	pvalue	zscore	max_auc	re_rank	irwin_hall_pvalue
ZMYM3	2.852	2.172e-03	3.880	0.713	0.022	4.982e-05
POLR2A	37.129	4.862e-302	1.883	0.732	0.033	1.628e-04
MYC	9.429	2.069e-21	1.848	0.722	0.038	2.420e-04
HDAC1	3.593	1.633e-04	1.864	0.717	0.043	3.703e-04
FXR1	1.728	4.202e-02	3.374	0.723	0.045	3.986e-04
SUPT5H	3.639	1.370e-04	1.596	0.723	0.052	6.242e-04
MAPK1	2.348	9.432e-03	2.342	0.701	0.054	7.055e-04
KLF9	3.002	1.339e-03	1.738	0.708	0.058	8.562e-04
ZNF639	2.171	1.498e-02	2.511	0.698	0.058	8.724e-04
FAM208A	2.254	1.211e-02	2.552	0.696	0.058	8.724e-04
TCOF1	1.710	4.360e-02	2.601	0.709	0.059	9.053e-04
MYH11	1.986	2.349e-02	2.086	0.717	0.060	9.562e-04
MAX	2.929	1.699e-03	1.722	0.705	0.061	1.045e-03
TBP	2.314	1.033e-02	1.805	0.711	0.063	1.140e-03
MBD2	2.150	1.577e-02	1.738	0.725	0.064	1.199e-03
CBFB	2.791	2.629e-03	1.536	0.713	0.066	1.302e-03
DPF1	1.458	7.245e-02	5.762	0.696	0.070	1.574e-03
BRPF3	2.899	1.869e-03	1.389	0.715	0.070	1.574e-03
SP1	3.338	4.217e-04	1.374	0.702	0.075	1.936e-03
SIN3A	3.645	1.338e-04	1.065	0.712	0.083	2.610e-03
ZBTB7A	3.989	3.313e-05	1.502	0.687	0.084	2.644e-03
CREB1	3.680	1.166e-04	1.321	0.690	0.089	3.150e-03
NKRF	1.845	3.254e-02	2.786	0.680	0.091	3.385e-03
GTF3C2	1.595	5.534e-02	4.410	0.681	0.091	3.426e-03
DNMT3B	2.154	1.563e-02	2.873	0.676	0.092	3.466e-03
KLF1	2.512	6.007e-03	2.778	0.674	0.092	3.507e-03
HEY1	1.833	3.337e-02	3.359	0.676	0.096	3.934e-03
KLF13	1.852	3.202e-02	2.661	0.678	0.096	3.979e-03
KAT5	2.624	4.349e-03	1.166	0.699	0.098	4.300e-03
PAF1	4.973	3.292e-07	0.841	0.707	0.099	4.347e-03
ZBTB33	3.289	5.036e-04	3.083	0.666	0.099	4.395e-03
AUTS2	1.659	4.860e-02	1.635	0.699	0.100	4.443e-03
ATF1	2.482	6.528e-03	1.932	0.677	0.102	4.738e-03
MXI1	2.071	1.920e-02	1.725	0.683	0.106	5.421e-03
E2F6	2.373	8.817e-03	1.697	0.678	0.109	5.758e-03
NRF1	6.116	4.805e-10	0.774	0.698	0.110	5.931e-03
NFYA	2.745	3.025e-03	1.173	0.688	0.110	5.931e-03
BRD1	1.698	4.478e-02	1.212	0.706	0.110	6.048e-03
KAT7	1.689	4.561e-02	1.193	0.704	0.114	6.596e-03
EPC1	2.135	1.638e-02	1.192	0.691	0.114	6.722e-03
ZNF740	1.523	6.393e-02	2.513	0.677	0.117	7.242e-03
USF2	2.154	1.561e-02	2.258	0.670	0.120	7.789e-03
INTS11	2.289	1.103e-02	1.683	0.675	0.120	7.789e-03
CSNK2A1	1.500	6.682e-02	1.666	0.687	0.122	8.144e-03
EGR1	2.389	8.441e-03	1.428	0.676	0.128	9.511e-03
PCGF1	1.751	4.000e-02	1.015	0.696	0.129	9.591e-03
MNT	1.457	7.255e-02	2.196	0.676	0.129	9.753e-03
SP2	2.613	4.493e-03	0.961	0.684	0.132	1.042e-02
LEO1	1.328	9.205e-02	2.294	0.677	0.133	1.067e-02
GMEB2	2.398	8.249e-03	0.551	0.715	0.134	1.085e-02
NCAPH2	1.984	2.361e-02	1.205	0.683	0.134	1.094e-02
LEF1	1.417	7.819e-02	1.205	0.697	0.135	1.102e-02
MAZ	2.477	6.632e-03	1.297	0.674	0.138	1.193e-02
E2F1	8.055	3.960e-16	0.193	0.709	0.143	1.328e-02
NFYB	1.419	7.788e-02	2.511	0.669	0.144	1.338e-02
ARID2	1.734	4.148e-02	0.936	0.690	0.144	1.338e-02
SAP30	2.987	1.408e-03	0.406	0.705	0.144	1.348e-02
HMGN3	1.283	9.982e-02	2.406	0.675	0.144	1.348e-02
TAF3	1.604	5.433e-02	0.938	0.694	0.147	1.430e-02
GATA1	0.841	2.002e-01	2.541	0.687	0.154	1.639e-02
ZNF687	1.613	5.334e-02	1.891	0.667	0.155	1.662e-02
SIRT1	1.004	1.576e-01	2.931	0.676	0.156	1.697e-02
HDGF	1.787	3.698e-02	1.378	0.670	0.160	1.842e-02
ZFX	2.010	2.220e-02	0.379	0.706	0.161	1.892e-02
ZNF121	1.551	6.043e-02	3.848	0.654	0.162	1.918e-02
FOXD2	1.339	9.034e-02	1.376	0.678	0.162	1.930e-02
TRIM24	1.285	9.940e-02	3.515	0.662	0.163	1.943e-02
GTF2E2	1.327	9.220e-02	1.458	0.677	0.163	1.956e-02
SP4	1.415	7.849e-02	0.847	0.689	0.168	2.143e-02
HDAC2	2.062	1.958e-02	1.140	0.669	0.169	2.184e-02
ZNF282	1.663	4.818e-02	1.225	0.671	0.170	2.226e-02
KAT8	1.656	4.890e-02	0.588	0.695	0.170	2.226e-02
ADNP	1.303	9.631e-02	3.762	0.656	0.171	2.254e-02
PML	2.173	1.490e-02	1.098	0.668	0.172	2.283e-02
NR2C2	3.149	8.201e-04	0.103	0.691	0.174	2.355e-02
CCNT2	1.124	1.304e-01	2.874	0.665	0.174	2.370e-02
NFAT5	1.442	7.464e-02	0.916	0.683	0.176	2.444e-02
ZNF263	1.758	3.940e-02	1.380	0.663	0.179	2.582e-02
KDM2B	3.117	9.136e-04	0.434	0.678	0.179	2.597e-02
RUNX1	2.309	1.048e-02	0.695	0.674	0.180	2.644e-02
RFX1	0.822	2.057e-01	1.653	0.688	0.180	2.644e-02
HLTF	1.282	9.992e-02	2.936	0.655	0.184	2.789e-02
NFIA	0.850	1.976e-01	5.093	0.666	0.184	2.822e-02
TRIM25	1.619	5.267e-02	1.631	0.658	0.185	2.855e-02
ID3	1.291	9.837e-02	3.086	0.654	0.185	2.872e-02
BCOR	1.527	6.339e-02	1.913	0.655	0.187	2.956e-02
NELFA	4.982	3.146e-07	-0.339	0.723	0.188	2.973e-02
KLF12	1.446	7.402e-02	0.673	0.683	0.190	3.095e-02
FEV	1.302	9.651e-02	1.106	0.676	0.190	3.095e-02
ELF1	3.061	1.103e-03	0.081	0.685	0.191	3.112e-02
GABP	1.348	8.887e-02	1.558	0.663	0.191	3.130e-02
ZKSCAN8	1.228	1.097e-01	2.355	0.656	0.193	3.255e-02
MLLT1	2.019	2.176e-02	0.260	0.685	0.196	3.403e-02
KRAB	1.940	2.617e-02	1.115	0.659	0.198	3.478e-02
MBTD1	1.118	1.317e-01	1.874	0.665	0.198	3.497e-02
PRAME	1.050	1.468e-01	2.514	0.660	0.198	3.516e-02
CDC5L	1.246	1.063e-01	2.102	0.656	0.199	3.535e-02
CPSF3L	2.266	1.174e-02	-0.181	0.704	0.199	3.554e-02
SMARCB1	1.057	1.453e-01	1.342	0.675	0.202	3.691e-02
KMT2A	2.114	1.726e-02	0.850	0.664	0.202	3.711e-02
WDR5	1.907	2.827e-02	0.166	0.686	0.204	3.831e-02
VEZF1	1.672	4.723e-02	0.712	0.671	0.205	3.871e-02
HDAC8	1.444	7.436e-02	1.499	0.656	0.205	3.892e-02
PHF8	5.273	6.704e-08	-0.473	0.714	0.207	3.974e-02
EMSY	1.629	5.170e-02	0.029	0.696	0.209	4.100e-02
RARA	0.744	2.285e-01	1.189	0.688	0.210	4.142e-02
TFDP1	2.131	1.654e-02	-0.007	0.687	0.210	4.164e-02
RBCK1	1.489	6.818e-02	0.317	0.686	0.210	4.164e-02
TGIF2	1.242	1.071e-01	1.850	0.655	0.211	4.206e-02
RUNX1T1	1.298	9.708e-02	1.149	0.666	0.213	4.337e-02
ZNF83	1.281	1.001e-01	2.170	0.650	0.214	4.403e-02
KDM5B	1.066	1.432e-01	0.668	0.689	0.214	4.426e-02
KLF6	1.218	1.116e-01	0.986	0.671	0.217	4.583e-02
CREB3	1.179	1.193e-01	2.567	0.648	0.217	4.629e-02
CNOT3	1.296	9.741e-02	1.657	0.653	0.219	4.721e-02
MYCN	2.499	6.233e-03	-0.419	0.706	0.219	4.745e-02
USF1	1.103	1.350e-01	1.805	0.657	0.220	4.768e-02
ZNF318	1.338	9.053e-02	2.509	0.642	0.220	4.768e-02
ZEB2	1.289	9.875e-02	3.312	0.641	0.220	4.792e-02
BHLHE40	1.180	1.189e-01	1.919	0.652	0.223	4.958e-02
TET2	0.632	2.638e-01	1.356	0.680	0.223	4.982e-02
POLR2B	1.953	2.543e-02	-0.332	0.704	0.224	5.055e-02
ZNF589	1.116	1.322e-01	2.245	0.650	0.225	5.128e-02
ZNF281	1.203	1.145e-01	0.942	0.670	0.225	5.153e-02
GLIS2	1.479	6.957e-02	0.933	0.660	0.227	5.252e-02
ZBTB10	1.408	7.960e-02	0.274	0.681	0.227	5.277e-02
NFRKB	1.303	9.636e-02	1.474	0.653	0.227	5.277e-02
EGR2	1.664	4.806e-02	1.342	0.648	0.228	5.302e-02
ZNF24	1.344	8.947e-02	1.945	0.643	0.228	5.327e-02
NFATC1	1.669	4.755e-02	-0.126	0.688	0.229	5.403e-02
KDM1A	0.356	3.608e-01	1.578	0.685	0.229	5.429e-02
FGFR1	1.720	4.269e-02	0.119	0.677	0.229	5.429e-02
ARNT	0.586	2.789e-01	4.235	0.657	0.230	5.506e-02
TAZ	0.964	1.674e-01	2.004	0.655	0.230	5.506e-02
NCOA1	1.110	1.335e-01	2.150	0.649	0.231	5.531e-02
PATZ1	1.642	5.027e-02	0.386	0.672	0.231	5.531e-02
POLR3A	1.052	1.463e-01	2.412	0.649	0.232	5.635e-02
ZNF584	1.091	1.377e-01	2.047	0.649	0.235	5.821e-02
L3MBTL2	1.010	1.562e-01	3.606	0.644	0.235	5.847e-02
HBP1	1.330	9.182e-02	1.047	0.657	0.237	5.955e-02
STAT2	1.667	4.778e-02	0.393	0.669	0.238	6.037e-02
GLI2	1.565	5.876e-02	-0.314	0.701	0.238	6.092e-02
ERG	1.381	8.357e-02	-0.160	0.695	0.239	6.120e-02
RAG2	1.209	1.133e-01	0.740	0.670	0.239	6.147e-02
TET3	1.112	1.331e-01	0.988	0.666	0.240	6.203e-02
THAP1	1.260	1.039e-01	0.572	0.673	0.240	6.203e-02
RARG	1.302	9.650e-02	1.287	0.652	0.240	6.259e-02
CHD1	4.130	1.811e-05	-0.743	0.704	0.240	6.259e-02
ZTA	0.797	2.127e-01	2.706	0.651	0.241	6.315e-02
MED1	3.598	1.605e-04	-0.791	0.709	0.243	6.486e-02
SMARCA4	0.878	1.900e-01	0.649	0.683	0.244	6.515e-02
NFYC	1.485	6.875e-02	-0.128	0.686	0.244	6.573e-02
GABPA	4.014	2.989e-05	-0.496	0.683	0.247	6.778e-02
CBX1	0.922	1.782e-01	1.005	0.668	0.248	6.837e-02
HMGN1	1.377	8.427e-02	0.028	0.680	0.249	6.957e-02
CDK7	1.882	2.992e-02	-0.493	0.699	0.249	6.987e-02
KLF3	0.980	1.634e-01	1.385	0.656	0.249	6.987e-02
ELK1	3.148	8.228e-04	-0.422	0.679	0.250	7.048e-02
STAT5B	1.575	5.768e-02	0.426	0.665	0.251	7.078e-02
REL	1.492	6.790e-02	0.113	0.673	0.252	7.232e-02
ZNF197	1.095	1.367e-01	1.854	0.646	0.253	7.263e-02
MIER1	0.970	1.660e-01	2.823	0.641	0.253	7.263e-02
TAFII	2.022	2.160e-02	-0.469	0.690	0.255	7.450e-02
RBBP5	2.480	6.571e-03	-0.393	0.680	0.256	7.513e-02
ZBTB14	1.246	1.065e-01	0.412	0.673	0.256	7.513e-02
HINFP	1.116	1.323e-01	1.597	0.647	0.257	7.609e-02
E2F5	0.968	1.666e-01	2.208	0.644	0.258	7.705e-02
BCLAF1	0.901	1.839e-01	0.767	0.672	0.260	7.868e-02
CDK8	2.005	2.249e-02	-0.264	0.674	0.262	8.099e-02
ORC1	1.355	8.768e-02	-0.119	0.679	0.262	8.099e-02
ZNF644	0.979	1.637e-01	1.737	0.646	0.264	8.266e-02
TAL1	-0.299	6.175e-01	1.652	0.699	0.264	8.300e-02
ZBTB11	2.584	4.882e-03	-0.326	0.672	0.265	8.334e-02
ARNT2	1.200	1.151e-01	0.464	0.670	0.265	8.334e-02
ELL2	3.214	6.550e-04	-0.675	0.686	0.265	8.368e-02
BPTF	0.974	1.649e-01	1.134	0.656	0.265	8.402e-02
ZNF592	1.042	1.488e-01	0.982	0.657	0.268	8.644e-02
KLF4	0.468	3.200e-01	1.358	0.668	0.268	8.678e-02
KLF17	1.177	1.195e-01	1.065	0.649	0.271	8.925e-02
EGR3	0.789	2.150e-01	2.189	0.645	0.271	8.925e-02
TAF7	1.606	5.410e-02	-0.060	0.670	0.271	8.961e-02
PHIP	1.998	2.287e-02	-0.016	0.662	0.272	9.032e-02
ZNF341	1.337	9.055e-02	0.845	0.648	0.274	9.213e-02
CSDE1	1.009	1.565e-01	0.799	0.661	0.274	9.249e-02
ZNF770	0.666	2.527e-01	4.688	0.639	0.274	9.285e-02
ZMYND8	1.375	8.452e-02	0.546	0.655	0.276	9.432e-02
MTA2	0.780	2.178e-01	1.429	0.653	0.276	9.506e-02
ASCL2	1.143	1.264e-01	0.442	0.666	0.277	9.543e-02
KLF5	1.047	1.475e-01	0.244	0.676	0.278	9.655e-02
UBTF	1.633	5.120e-02	-0.575	0.691	0.278	9.655e-02
NBN	1.289	9.866e-02	0.630	0.655	0.278	9.655e-02
CDK9	3.490	2.417e-04	-1.022	0.692	0.278	9.693e-02
ZNF783	1.218	1.116e-01	0.150	0.671	0.279	9.806e-02
ZIC2	1.331	9.162e-02	-0.232	0.677	0.280	9.844e-02
BCL11B	2.606	4.574e-03	-0.757	0.685	0.280	9.920e-02
ORC2	0.765	2.221e-01	1.953	0.644	0.281	9.958e-02
NR2F6	0.839	2.007e-01	4.633	0.631	0.282	1.011e-01
TARDBP	1.136	1.281e-01	0.497	0.663	0.283	1.023e-01
SETD1A	1.222	1.108e-01	0.334	0.665	0.284	1.031e-01
RELA	1.065	1.435e-01	-0.202	0.686	0.287	1.058e-01
TRAF7	1.320	9.339e-02	-0.196	0.675	0.287	1.058e-01
MBD1	1.135	1.282e-01	1.444	0.638	0.287	1.062e-01
IKZF2	0.850	1.978e-01	1.917	0.639	0.287	1.062e-01
ZNF436	0.685	2.466e-01	2.438	0.640	0.287	1.066e-01
HCFC1	2.493	6.327e-03	-0.988	0.691	0.288	1.070e-01
EZH1	1.333	9.127e-02	0.185	0.661	0.289	1.082e-01
NPAT	1.211	1.129e-01	0.037	0.671	0.289	1.086e-01
YY1	4.686	1.391e-06	-1.234	0.688	0.293	1.132e-01
SMARCA5	0.360	3.593e-01	2.208	0.649	0.296	1.165e-01
PKNOX1	0.677	2.493e-01	3.680	0.631	0.297	1.178e-01
FOXK2	1.137	1.277e-01	0.858	0.646	0.299	1.200e-01
TBL1XR1	0.959	1.687e-01	0.928	0.651	0.299	1.204e-01
ZKSCAN1	0.690	2.451e-01	0.728	0.665	0.299	1.208e-01
PHF6	1.316	9.401e-02	-0.345	0.677	0.300	1.213e-01
ZSCAN29	0.908	1.819e-01	1.548	0.639	0.300	1.213e-01
SREBF1	1.393	8.185e-02	-0.321	0.672	0.301	1.226e-01
FOXK1	0.815	2.076e-01	1.058	0.650	0.302	1.243e-01
CEBPD	0.389	3.486e-01	1.344	0.657	0.303	1.252e-01
TFAP2C	0.649	2.581e-01	1.802	0.641	0.303	1.257e-01
CBX8	0.418	3.379e-01	0.031	0.699	0.304	1.266e-01
TAF1	3.499	2.334e-04	-1.106	0.681	0.304	1.270e-01
BCL3	3.546	1.952e-04	-1.017	0.678	0.305	1.275e-01
RXRG	1.162	1.226e-01	0.475	0.654	0.306	1.284e-01
RAD51	0.662	2.540e-01	1.418	0.646	0.306	1.288e-01
BRD4	4.788	8.431e-07	-2.039	0.701	0.306	1.288e-01
RPE	2.875	2.020e-03	-1.391	0.691	0.306	1.293e-01
DDX21	2.217	1.330e-02	-1.336	0.697	0.307	1.302e-01
ZNF131	1.526	6.350e-02	-0.798	0.689	0.307	1.302e-01
CEBPA	0.234	4.073e-01	0.667	0.679	0.307	1.307e-01
AFF4	3.830	6.397e-05	-1.830	0.697	0.307	1.307e-01
U2AF1	3.008	1.317e-03	-1.602	0.693	0.308	1.320e-01
SMARCE1	0.216	4.143e-01	3.787	0.641	0.309	1.330e-01
GTF2I	0.203	4.196e-01	1.112	0.667	0.310	1.334e-01
HOXA6	1.042	1.488e-01	0.349	0.660	0.310	1.334e-01
PHF2	2.120	1.701e-02	-1.090	0.688	0.310	1.344e-01
RCOR1	0.509	3.053e-01	1.921	0.640	0.311	1.348e-01
HOXA4	0.909	1.817e-01	0.767	0.652	0.311	1.358e-01
NELFE	4.629	1.837e-06	-2.198	0.700	0.313	1.377e-01
SP3	1.330	9.172e-02	0.052	0.655	0.313	1.381e-01
KLF10	1.614	5.327e-02	-0.410	0.667	0.313	1.381e-01
CHD2	1.349	8.871e-02	-0.329	0.668	0.313	1.386e-01
DPF2	0.323	3.733e-01	3.190	0.639	0.314	1.391e-01
INO80	1.728	4.201e-02	-1.217	0.697	0.314	1.391e-01
DDX20	0.605	2.727e-01	1.505	0.644	0.314	1.391e-01
GRHL3	0.443	3.289e-01	1.742	0.645	0.314	1.391e-01
TFAP4	0.356	3.610e-01	1.947	0.645	0.314	1.396e-01
CDK6	1.116	1.323e-01	-0.026	0.665	0.318	1.449e-01
ETS1	3.943	4.025e-05	-1.453	0.681	0.318	1.454e-01
KLF15	1.552	6.038e-02	-0.936	0.688	0.319	1.459e-01
SON	0.704	2.406e-01	1.352	0.641	0.320	1.469e-01
HES1	0.458	3.235e-01	1.488	0.646	0.321	1.489e-01
ZNF600	0.788	2.152e-01	1.591	0.633	0.321	1.489e-01
KMT2D	3.064	1.092e-03	-1.577	0.684	0.322	1.499e-01
SREBF2	1.159	1.233e-01	-0.222	0.667	0.323	1.514e-01
ZBTB17	0.494	3.106e-01	0.872	0.656	0.324	1.529e-01
KDM4B	1.430	7.643e-02	-0.396	0.666	0.326	1.565e-01
E2F4	2.718	3.285e-03	-1.859	0.689	0.327	1.570e-01
KDM4C	1.123	1.308e-01	-0.159	0.665	0.327	1.570e-01
JMJD1C	0.484	3.143e-01	0.958	0.653	0.327	1.575e-01
SPIN1	1.526	6.356e-02	-1.048	0.689	0.327	1.580e-01
ELK4	2.638	4.174e-03	-1.952	0.691	0.328	1.586e-01
ZNF467	0.677	2.492e-01	1.324	0.639	0.328	1.591e-01
ESRRA	0.319	3.750e-01	0.928	0.660	0.331	1.628e-01
ZBTB8A	1.059	1.448e-01	0.606	0.645	0.331	1.633e-01
ETV1	0.983	1.629e-01	0.578	0.647	0.332	1.644e-01
E2F3	0.924	1.778e-01	0.460	0.652	0.332	1.644e-01
BACH1	0.629	2.648e-01	1.240	0.640	0.333	1.665e-01
ZNF18	0.926	1.773e-01	0.342	0.655	0.333	1.665e-01
HSF1	1.342	8.978e-02	-0.390	0.664	0.334	1.681e-01
CHAMP1	0.614	2.697e-01	1.758	0.631	0.334	1.681e-01
EP400	0.858	1.955e-01	0.605	0.649	0.336	1.709e-01
TERC	0.448	3.271e-01	2.991	0.623	0.337	1.720e-01
COPS2	0.849	1.980e-01	0.616	0.648	0.338	1.736e-01
ZNF423	0.974	1.651e-01	0.635	0.643	0.339	1.758e-01
SSRP1	0.598	2.750e-01	1.478	0.635	0.340	1.764e-01
ZBTB6	0.846	1.988e-01	1.134	0.633	0.341	1.787e-01
PAX5	0.661	2.544e-01	0.363	0.659	0.342	1.792e-01
TCF7L1	0.338	3.675e-01	0.960	0.654	0.342	1.792e-01
CREBBP	0.147	4.414e-01	0.211	0.683	0.342	1.798e-01
NOTCH1	1.201	1.148e-01	-0.529	0.674	0.342	1.798e-01
ZMIZ1	0.767	2.216e-01	0.691	0.647	0.343	1.815e-01
SIRT6	0.428	3.342e-01	2.349	0.626	0.343	1.821e-01
GTF2B	3.417	3.165e-04	-4.230	0.703	0.344	1.832e-01
RAC3	0.686	2.464e-01	0.988	0.640	0.344	1.832e-01
SNAI2	0.219	4.133e-01	2.206	0.635	0.347	1.872e-01
RBPJ	1.179	1.192e-01	-0.387	0.665	0.347	1.878e-01
POLR2AphosphoS5	0.725	2.341e-01	0.511	0.651	0.348	1.901e-01
IKZF1	0.779	2.181e-01	0.908	0.639	0.349	1.913e-01
ARID5B	0.927	1.771e-01	0.166	0.653	0.349	1.913e-01
BCL6	0.574	2.829e-01	0.157	0.666	0.350	1.925e-01
CD74	0.913	1.807e-01	-0.078	0.659	0.350	1.937e-01
SMAD5	1.927	2.702e-02	-1.584	0.680	0.351	1.943e-01
HDAC6	1.353	8.798e-02	-0.507	0.662	0.352	1.967e-01
FOXJ2	0.868	1.928e-01	0.759	0.638	0.353	1.973e-01
ZEB1	0.988	1.616e-01	-0.148	0.658	0.353	1.984e-01
SOX9	1.135	1.282e-01	-0.601	0.674	0.353	1.984e-01
NCOR1	1.118	1.318e-01	-0.717	0.677	0.354	1.990e-01
MEF2D	0.556	2.892e-01	1.791	0.624	0.354	1.990e-01
SATB1	-1.103	8.650e-01	1.426	0.682	0.356	2.021e-01
INTS12	0.936	1.747e-01	0.042	0.653	0.356	2.021e-01
C11orf30	0.378	3.527e-01	2.271	0.623	0.356	2.033e-01
ZFP2	0.811	2.088e-01	0.688	0.640	0.359	2.076e-01
GTF2F1	1.241	1.073e-01	-1.024	0.682	0.360	2.100e-01
KDM5A	2.754	2.940e-03	-3.480	0.688	0.362	2.125e-01
ZNF143	1.969	2.449e-02	-1.050	0.666	0.363	2.150e-01
ARNTL	1.248	1.060e-01	-1.679	0.698	0.365	2.182e-01
POLR2H	0.825	2.046e-01	0.716	0.637	0.365	2.182e-01
LARP7	-0.092	5.366e-01	1.004	0.658	0.366	2.207e-01
MYBL2	0.349	3.634e-01	2.075	0.622	0.368	2.232e-01
TFAP2A	0.126	4.497e-01	1.534	0.638	0.371	2.297e-01
XRN2	3.044	1.169e-03	-3.165	0.678	0.372	2.310e-01
NR4A1	0.442	3.292e-01	0.824	0.642	0.372	2.316e-01
KDM5C	1.321	9.325e-02	-1.965	0.692	0.373	2.336e-01
KLF11	1.059	1.449e-01	0.226	0.639	0.376	2.375e-01
BCL11A	-0.162	5.643e-01	-0.005	0.689	0.376	2.382e-01
TCF12	0.091	4.636e-01	0.615	0.660	0.377	2.395e-01
KDM4A	0.610	2.710e-01	0.791	0.636	0.377	2.408e-01
CD59	0.557	2.887e-01	0.954	0.633	0.378	2.422e-01
ZC3H8	0.570	2.845e-01	0.478	0.647	0.379	2.428e-01
NFKB1	0.752	2.261e-01	0.663	0.635	0.379	2.435e-01
H2AZ	1.735	4.134e-02	-2.535	0.681	0.380	2.448e-01
SPI1	-0.921	8.214e-01	0.524	0.700	0.380	2.462e-01
NR2F1	0.038	4.849e-01	1.492	0.639	0.381	2.475e-01
NFE2	0.608	2.716e-01	0.241	0.649	0.384	2.522e-01
ZNF284	0.170	4.326e-01	3.172	0.613	0.385	2.549e-01
BRD2	2.697	3.500e-03	-3.079	0.675	0.385	2.549e-01
OGT	2.239	1.257e-02	-3.338	0.678	0.389	2.625e-01
STAT1	0.675	2.500e-01	-0.044	0.651	0.390	2.639e-01
HNF4A	0.045	4.822e-01	1.680	0.632	0.390	2.652e-01
ZNF76	1.238	1.079e-01	-0.839	0.665	0.391	2.659e-01
E2F7	0.171	4.322e-01	-0.430	0.686	0.394	2.729e-01
GLIS1	0.442	3.292e-01	0.830	0.634	0.395	2.736e-01
DMC1	0.097	4.615e-01	5.446	0.608	0.395	2.750e-01
KLF16	0.181	4.283e-01	1.998	0.616	0.396	2.757e-01
RBP2	1.602	5.462e-02	-8.378	0.694	0.396	2.764e-01
BRCA1	1.443	7.453e-02	-2.820	0.684	0.397	2.785e-01
DCP1A	1.880	3.005e-02	-4.168	0.682	0.397	2.785e-01
CUX1	0.020	4.919e-01	0.916	0.646	0.400	2.842e-01
WDHD1	0.684	2.469e-01	0.551	0.632	0.400	2.842e-01
H2AFX	-1.031	8.487e-01	0.950	0.672	0.402	2.870e-01
SIX5	1.839	3.292e-02	-2.377	0.671	0.402	2.878e-01
JUNB	-0.059	5.234e-01	-0.005	0.673	0.403	2.892e-01
ZBTB40	0.807	2.099e-01	-0.136	0.646	0.403	2.892e-01
CTCFL	0.580	2.809e-01	0.518	0.636	0.404	2.913e-01
ATF3	-0.028	5.113e-01	-0.140	0.674	0.409	3.022e-01
NFIC	-0.065	5.261e-01	1.112	0.640	0.409	3.029e-01
DDX5	-0.185	5.734e-01	0.643	0.656	0.410	3.037e-01
PBX2	0.440	3.300e-01	0.965	0.622	0.410	3.037e-01
ZNF384	-0.211	5.837e-01	1.852	0.631	0.410	3.044e-01
BARX1	0.827	2.042e-01	-0.272	0.647	0.411	3.051e-01
IRF3	1.250	1.057e-01	-1.632	0.672	0.411	3.059e-01
BRD3	1.698	4.473e-02	-2.614	0.671	0.412	3.073e-01
RYBP	0.473	3.182e-01	0.042	0.647	0.412	3.073e-01
SRF	0.235	4.072e-01	-0.072	0.657	0.413	3.103e-01
ZNF441	0.545	2.929e-01	0.536	0.633	0.413	3.103e-01
MKL1	0.915	1.801e-01	-0.457	0.652	0.413	3.110e-01
SKI	0.494	3.105e-01	0.576	0.630	0.416	3.169e-01
CREM	0.256	3.988e-01	0.508	0.641	0.417	3.176e-01
MED12	0.626	2.655e-01	0.306	0.634	0.418	3.206e-01
ZNF257	0.307	3.795e-01	1.129	0.620	0.418	3.214e-01
ERCC6	-0.015	5.061e-01	-0.557	0.690	0.419	3.228e-01
SRSF3	1.664	4.802e-02	-3.333	0.673	0.420	3.251e-01
MYNN	0.567	2.854e-01	0.013	0.643	0.421	3.258e-01
ZNF766	-0.123	5.491e-01	1.472	0.630	0.421	3.273e-01
JMJD6	0.451	3.261e-01	-0.437	0.663	0.422	3.281e-01
YBX3	0.766	2.218e-01	-0.064	0.638	0.423	3.303e-01
BARX2	1.314	9.437e-02	-2.742	0.677	0.423	3.303e-01
BRDU	-1.343	9.104e-01	0.912	0.673	0.423	3.311e-01
ZBTB42	0.249	4.017e-01	1.170	0.616	0.424	3.326e-01
ZNF175	0.054	4.783e-01	0.637	0.642	0.425	3.341e-01
RBL2	2.200	1.391e-02	-5.297	0.669	0.426	3.371e-01
PYGO2	0.199	4.212e-01	1.267	0.615	0.428	3.409e-01
SUMO2	-2.555	9.947e-01	1.082	0.681	0.428	3.424e-01
LMO2	0.266	3.952e-01	0.671	0.631	0.429	3.432e-01
NCAPG	0.128	4.492e-01	0.990	0.625	0.429	3.432e-01
IRF9	0.111	4.557e-01	1.551	0.612	0.430	3.454e-01
ZFP57	-0.092	5.367e-01	2.342	0.610	0.430	3.454e-01
LMO1	0.428	3.345e-01	0.622	0.626	0.430	3.454e-01
DNMT1	0.243	4.041e-01	0.075	0.648	0.431	3.470e-01
EBF1	0.274	3.921e-01	0.752	0.626	0.432	3.500e-01
SCML2	0.562	2.872e-01	0.077	0.637	0.433	3.523e-01
FOXO3	0.204	4.193e-01	0.479	0.638	0.434	3.539e-01
HMBOX1	0.113	4.549e-01	1.573	0.610	0.434	3.539e-01
DLX1	0.774	2.196e-01	-0.348	0.645	0.436	3.577e-01
DROSHA	0.590	2.774e-01	-0.775	0.666	0.436	3.577e-01
ZNF468	0.462	3.219e-01	0.394	0.628	0.437	3.608e-01
TCF7	-0.373	6.455e-01	0.852	0.645	0.437	3.615e-01
PRDM2	0.826	2.045e-01	-0.364	0.642	0.437	3.615e-01
ZSCAN22	1.718	4.294e-02	-2.544	0.659	0.438	3.623e-01
MBD4	0.176	4.302e-01	1.206	0.613	0.438	3.631e-01
CDCA2	0.040	4.841e-01	1.872	0.606	0.439	3.646e-01
DEAF1	1.292	9.823e-02	-3.582	0.675	0.439	3.654e-01
WHSC1	0.598	2.751e-01	0.303	0.626	0.440	3.662e-01
STAT5A	0.489	3.123e-01	0.343	0.627	0.440	3.669e-01
ING2	0.423	3.361e-01	0.515	0.626	0.440	3.669e-01
ZNF146	0.238	4.060e-01	0.833	0.621	0.440	3.677e-01
HOXA1	1.083	1.394e-01	-1.298	0.662	0.441	3.693e-01
CHRM2	-0.095	5.378e-01	-0.299	0.670	0.442	3.708e-01
ZNF711	1.175	1.200e-01	-1.981	0.668	0.442	3.708e-01
GATAD1	0.769	2.211e-01	-0.916	0.660	0.445	3.770e-01
SMARCC2	0.685	2.465e-01	-0.028	0.629	0.445	3.778e-01
AFF1	0.357	3.605e-01	-0.629	0.666	0.445	3.778e-01
ZNF202	-0.378	6.473e-01	-0.357	0.680	0.445	3.786e-01
PPARGC1A	0.366	3.573e-01	0.534	0.623	0.447	3.825e-01
RFX5	0.780	2.177e-01	-0.925	0.658	0.449	3.864e-01
ZNF445	-0.021	5.082e-01	1.921	0.602	0.450	3.896e-01
MCM3	0.537	2.958e-01	0.122	0.627	0.451	3.911e-01
POLR3D	-2.228	9.870e-01	0.971	0.671	0.453	3.951e-01
RNF2	-0.629	7.354e-01	0.432	0.658	0.453	3.958e-01
SUZ12	-0.704	7.593e-01	0.314	0.663	0.454	3.974e-01
MYB	0.531	2.976e-01	0.179	0.625	0.454	3.974e-01
ZNF554	0.105	4.582e-01	1.250	0.609	0.454	3.974e-01
GMEB1	1.268	1.024e-01	-4.606	0.674	0.454	3.982e-01
NR2F2	-0.195	5.772e-01	0.892	0.634	0.455	3.990e-01
SCRT2	-0.095	5.380e-01	2.319	0.599	0.455	3.990e-01
MAFB	1.037	1.499e-01	-1.437	0.660	0.455	3.998e-01
FOXP3	1.083	1.395e-01	-1.175	0.654	0.456	4.022e-01
ZNF92	-0.151	5.600e-01	3.177	0.594	0.456	4.022e-01
TRRAP	1.085	1.389e-01	-0.912	0.646	0.457	4.029e-01
FLI1	-0.779	7.819e-01	-0.518	0.711	0.457	4.037e-01
LDB1	-0.089	5.354e-01	2.210	0.597	0.458	4.069e-01
SMAD4	-0.007	5.026e-01	0.566	0.635	0.459	4.085e-01
VDR	0.117	4.534e-01	-0.317	0.654	0.461	4.125e-01
GTF3C5	0.577	2.820e-01	-0.281	0.637	0.462	4.156e-01
ARID1A	-1.113	8.671e-01	1.643	0.637	0.463	4.180e-01
RB1	1.033	1.508e-01	-2.276	0.668	0.464	4.204e-01
ZNF623	0.390	3.484e-01	0.332	0.621	0.467	4.252e-01
ZNF701	0.167	4.336e-01	0.830	0.612	0.468	4.276e-01
SOX13	0.093	4.630e-01	0.626	0.623	0.469	4.316e-01
ELK3	1.087	1.384e-01	-2.237	0.663	0.471	4.348e-01
REPIN1	-0.038	5.150e-01	0.906	0.618	0.473	4.388e-01
CLOCK	-0.060	5.238e-01	1.557	0.601	0.473	4.388e-01
ZNF414	0.705	2.403e-01	-0.389	0.633	0.473	4.396e-01
ETV4	0.160	4.365e-01	-0.233	0.645	0.475	4.428e-01
ZNF134	0.012	4.951e-01	1.226	0.604	0.475	4.428e-01
ZNF28	0.012	4.952e-01	1.213	0.604	0.476	4.460e-01
NCOR2	0.447	3.274e-01	0.078	0.621	0.477	4.476e-01
IRF1	0.169	4.328e-01	-0.474	0.655	0.477	4.484e-01
SNAPC1	1.093	1.373e-01	-2.667	0.663	0.477	4.484e-01
FOXP1	-0.348	6.361e-01	-0.236	0.659	0.479	4.524e-01
NFKB2	0.120	4.520e-01	0.764	0.610	0.481	4.565e-01
ATOH1	1.098	1.360e-01	-3.000	0.663	0.481	4.565e-01
ASXL1	0.847	1.985e-01	-1.025	0.648	0.482	4.589e-01
L3MBTL4	0.436	3.315e-01	-0.135	0.627	0.483	4.613e-01
ETV7	0.443	3.288e-01	-0.185	0.627	0.484	4.637e-01
TBL1X	0.493	3.111e-01	-0.295	0.630	0.484	4.645e-01
ELF2	1.149	1.253e-01	-6.159	0.667	0.485	4.661e-01
KLF7	0.966	1.671e-01	-0.994	0.642	0.485	4.661e-01
GATA2	-5.093	1.000e+00	0.418	0.681	0.486	4.677e-01
PRDM10	0.191	4.243e-01	0.543	0.611	0.488	4.734e-01
KLF8	0.744	2.285e-01	-0.616	0.637	0.489	4.750e-01
CDK12	0.570	2.845e-01	-0.431	0.634	0.490	4.766e-01
ZBTB7B	0.920	1.788e-01	-1.617	0.652	0.490	4.782e-01
RELB	-0.062	5.249e-01	0.842	0.612	0.491	4.807e-01
CTBP1	0.077	4.694e-01	0.568	0.614	0.494	4.855e-01
HOXA9	-0.748	7.728e-01	1.426	0.618	0.495	4.879e-01
ESR1	-10.950	1.000e+00	0.600	0.674	0.495	4.888e-01
ZNF519	0.343	3.659e-01	-0.050	0.622	0.495	4.888e-01
ZBTB26	0.602	2.735e-01	-2.305	0.670	0.495	4.896e-01
MCRS1	1.074	1.414e-01	-3.591	0.662	0.495	4.896e-01
CCDC101	0.908	1.819e-01	-1.628	0.651	0.496	4.920e-01
ZNF479	-0.119	5.475e-01	1.356	0.596	0.498	4.944e-01
KDM6A	0.201	4.205e-01	0.308	0.614	0.498	4.944e-01
FOXM1	0.332	3.699e-01	-2.414	0.678	0.498	4.960e-01
PSIP1	0.023	4.908e-01	0.113	0.629	0.499	4.968e-01
RFX2	0.899	1.843e-01	-1.644	0.651	0.499	4.976e-01
HIC1	0.392	3.477e-01	-0.113	0.619	0.499	4.985e-01
CHD4	0.695	2.435e-01	-0.492	0.627	0.500	5.001e-01
DPPA2	-0.445	6.720e-01	2.812	0.577	0.500	5.001e-01
RUNX2	-0.547	7.079e-01	1.306	0.611	0.501	5.025e-01
HCFC1R1	-0.129	5.513e-01	1.305	0.595	0.503	5.057e-01
TTF2	-0.201	5.795e-01	-1.102	0.679	0.503	5.074e-01
BACH2	0.118	4.532e-01	-0.105	0.629	0.504	5.082e-01
MEF2A	-0.173	5.687e-01	-0.179	0.644	0.505	5.106e-01
MCM2	-0.514	6.965e-01	3.207	0.573	0.505	5.122e-01
ZNF597	0.178	4.294e-01	0.230	0.613	0.508	5.179e-01
POU2F2	0.254	3.999e-01	-0.312	0.630	0.509	5.211e-01
ZNF692	0.492	3.112e-01	-0.392	0.625	0.509	5.211e-01
STAT4	-0.432	6.670e-01	0.652	0.623	0.509	5.211e-01
SP140	-0.180	5.716e-01	0.674	0.613	0.510	5.219e-01
FOXG1	0.471	3.190e-01	-0.451	0.629	0.510	5.219e-01
ZNF534	0.032	4.873e-01	0.648	0.605	0.512	5.259e-01
APOBEC3B	0.082	4.673e-01	0.521	0.608	0.512	5.267e-01
ETV5	-0.032	5.126e-01	-0.046	0.631	0.513	5.284e-01
TRIM28	-3.619	9.999e-01	1.211	0.647	0.513	5.292e-01
PRDM11	0.244	4.035e-01	-1.251	0.661	0.513	5.292e-01
E2F8	0.364	3.577e-01	-0.307	0.623	0.513	5.300e-01
BRD9	-0.032	5.128e-01	0.192	0.622	0.514	5.308e-01
TDRD3	0.968	1.666e-01	-3.312	0.655	0.514	5.316e-01
IRAK4	0.966	1.670e-01	-3.173	0.655	0.514	5.324e-01
ASCL1	-1.187	8.824e-01	1.299	0.622	0.515	5.340e-01
DACOR1	-0.617	7.314e-01	4.539	0.568	0.515	5.340e-01
TET1	0.890	1.868e-01	-2.094	0.650	0.515	5.348e-01
ZFP69B	0.641	2.609e-01	-0.625	0.628	0.515	5.348e-01
TEAD2	0.034	4.866e-01	0.545	0.606	0.517	5.389e-01
ZNF280A	-0.526	7.006e-01	2.476	0.573	0.518	5.413e-01
ZFP64	-0.521	6.988e-01	-0.313	0.653	0.519	5.421e-01
SP7	0.256	3.991e-01	-0.092	0.613	0.520	5.453e-01
IRAK1	0.924	1.776e-01	-2.817	0.653	0.520	5.453e-01
GLYR1	0.620	2.676e-01	-0.892	0.637	0.520	5.453e-01
MBD3	-0.115	5.456e-01	-0.332	0.641	0.522	5.501e-01
ATF2	-0.793	7.862e-01	-0.540	0.671	0.523	5.509e-01
PBX1	0.107	4.573e-01	0.303	0.608	0.523	5.517e-01
ZNF75A	0.958	1.690e-01	-3.665	0.655	0.523	5.517e-01
PTTG1	-0.304	6.193e-01	1.058	0.598	0.524	5.533e-01
EGLN2	0.141	4.437e-01	0.097	0.611	0.525	5.565e-01
NFIL3	-0.222	5.880e-01	1.192	0.590	0.525	5.565e-01
MGEA5	0.355	3.612e-01	-0.364	0.623	0.526	5.582e-01
ZNF335	0.402	3.439e-01	-0.440	0.624	0.526	5.582e-01
ZNF394	0.392	3.475e-01	-0.344	0.619	0.526	5.590e-01
ZBTB48	-0.545	7.073e-01	0.257	0.633	0.527	5.606e-01
SCRT1	-0.417	6.618e-01	1.110	0.599	0.527	5.614e-01
RUVBL1	0.834	2.020e-01	-2.058	0.647	0.527	5.614e-01
ZNF71	0.849	1.979e-01	-2.239	0.648	0.530	5.662e-01
MYOD1	-0.401	6.557e-01	0.979	0.600	0.531	5.694e-01
MXD3	0.875	1.908e-01	-2.775	0.650	0.532	5.718e-01
FANCD2	-0.689	7.547e-01	2.956	0.564	0.533	5.734e-01
HNF4G	-1.346	9.109e-01	0.938	0.628	0.535	5.781e-01
ZSCAN5A	0.917	1.796e-01	-1.696	0.638	0.535	5.781e-01
ZNF501	0.652	2.572e-01	-0.965	0.632	0.536	5.797e-01
MAFG	-0.606	7.277e-01	1.694	0.579	0.536	5.797e-01
ZNF2	0.007	4.973e-01	0.026	0.615	0.536	5.813e-01
BRD7	0.260	3.974e-01	-0.339	0.617	0.539	5.877e-01
EZH2	-2.466	9.932e-01	0.439	0.655	0.541	5.909e-01
RBL1	-0.002	5.008e-01	0.377	0.603	0.541	5.909e-01
NKX2-1	-1.324	9.073e-01	1.057	0.620	0.543	5.964e-01
ZNF22	-0.841	7.999e-01	4.119	0.556	0.543	5.964e-01
FOSL1	-0.886	8.122e-01	-0.288	0.652	0.545	5.996e-01
MTA3	0.116	4.540e-01	-0.715	0.640	0.545	5.996e-01
WT1	0.185	4.267e-01	-0.260	0.613	0.545	6.011e-01
SMAD1	-1.420	9.222e-01	0.426	0.641	0.546	6.019e-01
ARID3A	-0.573	7.166e-01	0.947	0.601	0.546	6.019e-01
MEF2C	0.120	4.523e-01	-0.124	0.610	0.546	6.019e-01
ZNF512	-0.851	8.026e-01	2.151	0.574	0.546	6.027e-01
MCM7	-0.122	5.487e-01	-0.163	0.623	0.546	6.035e-01
TP53	-2.728	9.968e-01	-0.465	0.687	0.547	6.051e-01
ZNF324	0.699	2.421e-01	-1.555	0.637	0.547	6.051e-01
ZNF574	0.646	2.591e-01	-1.401	0.638	0.547	6.059e-01
RXRA	-0.369	6.439e-01	-0.412	0.642	0.548	6.067e-01
TSC22D4	-1.160	8.770e-01	0.197	0.640	0.548	6.074e-01
NR5A2	-0.732	7.680e-01	0.748	0.612	0.548	6.074e-01
FOS	-1.913	9.721e-01	-0.418	0.676	0.549	6.090e-01
KDM6B	-0.203	5.804e-01	-0.671	0.648	0.550	6.114e-01
REST	-7.522	1.000e+00	-0.077	0.670	0.553	6.169e-01
EPAS1	-0.087	5.347e-01	0.458	0.597	0.553	6.184e-01
PRMT5	0.070	4.722e-01	-0.032	0.607	0.554	6.192e-01
POLR2M	0.437	3.311e-01	-1.788	0.647	0.554	6.200e-01
CDK2	-1.112	8.669e-01	2.512	0.572	0.554	6.208e-01
NFE2L2	-0.800	7.882e-01	-1.020	0.673	0.557	6.262e-01
PR	-3.220	9.994e-01	0.766	0.641	0.557	6.262e-01
CASP8AP2	0.648	2.584e-01	-1.659	0.638	0.558	6.278e-01
SETDB1	-1.053	8.539e-01	-0.404	0.655	0.559	6.309e-01
MAF	-0.395	6.537e-01	-1.407	0.668	0.561	6.347e-01
PTRF	-0.427	6.652e-01	0.785	0.593	0.563	6.386e-01
IRF5	-0.919	8.209e-01	2.555	0.552	0.564	6.425e-01
CRY1	-0.503	6.926e-01	1.129	0.574	0.565	6.432e-01
MORC2	0.367	3.570e-01	-2.111	0.648	0.566	6.455e-01
ZBED1	0.158	4.371e-01	-0.339	0.610	0.566	6.463e-01
CREB3L4	0.106	4.577e-01	-0.287	0.609	0.568	6.494e-01
FAIRE	-0.213	5.844e-01	-1.481	0.661	0.568	6.501e-01
UHRF2	0.331	3.701e-01	-0.720	0.621	0.568	6.509e-01
ZNF362	-0.331	6.297e-01	0.652	0.590	0.569	6.524e-01
TP63	-3.926	1.000e+00	0.733	0.639	0.570	6.555e-01
RUNX3	-0.129	5.514e-01	0.284	0.595	0.574	6.638e-01
ZNF141	-0.429	6.661e-01	0.771	0.578	0.577	6.698e-01
HLF	-1.085	8.610e-01	1.911	0.561	0.578	6.721e-01
EMX1	0.273	3.924e-01	-1.228	0.634	0.579	6.743e-01
E2F2	0.107	4.575e-01	-0.395	0.609	0.582	6.803e-01
YAP1	-2.937	9.983e-01	-1.020	0.696	0.583	6.810e-01
GRHL1	0.187	4.259e-01	-0.598	0.613	0.585	6.847e-01
SND1	-0.421	6.631e-01	0.011	0.610	0.585	6.855e-01
ZNF274	-1.286	9.008e-01	1.098	0.597	0.586	6.869e-01
HEXIM1	0.175	4.307e-01	-1.881	0.646	0.586	6.877e-01
TCF7L2	-0.632	7.363e-01	-1.066	0.657	0.587	6.899e-01
NIPBL	-0.623	7.333e-01	-1.589	0.667	0.587	6.899e-01
ZNF610	0.786	2.159e-01	-2.428	0.629	0.587	6.899e-01
ZNF273	0.257	3.985e-01	-0.820	0.617	0.588	6.913e-01
ZNF750	-0.482	6.850e-01	0.731	0.575	0.590	6.957e-01
ZNF320	-0.633	7.367e-01	0.731	0.586	0.591	6.979e-01
ZNF438	-0.097	5.386e-01	-0.137	0.601	0.592	7.001e-01
NCAPG2	-0.589	7.220e-01	0.925	0.570	0.592	7.001e-01
MECOM	-0.180	5.713e-01	0.137	0.592	0.593	7.030e-01
MECP2	0.624	2.663e-01	-2.576	0.633	0.594	7.045e-01
TBX21	-0.481	6.847e-01	-0.114	0.611	0.596	7.088e-01
NFATC3	0.049	4.803e-01	-0.430	0.606	0.598	7.117e-01
DIDO1	0.479	3.158e-01	-1.507	0.622	0.599	7.131e-01
ZNF528	0.234	4.075e-01	-0.901	0.616	0.600	7.152e-01
SS18	-0.041	5.162e-01	-0.760	0.625	0.600	7.159e-01
GLI4	0.575	2.826e-01	-2.064	0.627	0.601	7.188e-01
GREB1	-1.229	8.904e-01	0.499	0.609	0.602	7.202e-01
FOXP2	0.074	4.706e-01	-1.645	0.640	0.605	7.258e-01
PMEL	-0.028	5.110e-01	-1.855	0.646	0.606	7.279e-01
ING5	-0.207	5.819e-01	0.028	0.591	0.606	7.279e-01
C17orf49	0.465	3.210e-01	-1.776	0.623	0.607	7.300e-01
ZXDB	0.461	3.223e-01	-1.632	0.621	0.608	7.314e-01
KDM3A	0.717	2.366e-01	-3.929	0.632	0.608	7.314e-01
JUND	-1.954	9.747e-01	-0.528	0.658	0.609	7.328e-01
LYL1	-1.252	8.947e-01	0.102	0.617	0.609	7.342e-01
CAMTA2	-0.175	5.694e-01	-0.105	0.593	0.610	7.349e-01
ASH2L	-0.439	6.695e-01	0.282	0.586	0.610	7.363e-01
TCF4	-2.517	9.941e-01	0.313	0.632	0.611	7.370e-01
EP300	-6.807	1.000e+00	-1.142	0.689	0.611	7.383e-01
MEN1	0.184	4.268e-01	-0.974	0.615	0.612	7.397e-01
TERF1	-0.108	5.432e-01	-0.275	0.596	0.613	7.418e-01
NR3C1	-8.649	1.000e+00	-0.654	0.671	0.615	7.445e-01
ZNF490	-1.237	8.920e-01	1.685	0.534	0.615	7.452e-01
XBP1	-0.249	5.984e-01	-2.087	0.651	0.618	7.506e-01
HOTAIR	-2.295	9.891e-01	2.716	0.548	0.619	7.526e-01
ZKSCAN5	0.248	4.022e-01	-1.220	0.616	0.619	7.526e-01
SOX4	-0.523	6.995e-01	0.065	0.595	0.620	7.540e-01
JARID2	-1.424	9.227e-01	0.419	0.609	0.620	7.540e-01
ICE1	0.109	4.566e-01	-0.786	0.609	0.622	7.580e-01
SRCAP	-0.888	8.127e-01	0.996	0.554	0.623	7.593e-01
NEUROG2	-1.261	8.964e-01	0.357	0.603	0.625	7.639e-01
AR	-20.839	1.000e+00	-0.264	0.649	0.626	7.652e-01
MAFF	-1.113	8.671e-01	0.768	0.574	0.626	7.659e-01
ZBTB16	-0.278	6.094e-01	-0.377	0.603	0.627	7.672e-01
NME2	-1.752	9.601e-01	2.250	0.536	0.627	7.672e-01
CBX3	-1.422	9.225e-01	-0.165	0.626	0.627	7.678e-01
EED	-1.103	8.649e-01	0.095	0.607	0.628	7.698e-01
PRKDC	-0.385	6.497e-01	-0.463	0.610	0.630	7.730e-01
GRHL2	-2.463	9.931e-01	0.932	0.601	0.630	7.730e-01
ZNF239	0.080	4.682e-01	-0.929	0.611	0.631	7.737e-01
ZNF664	-0.338	6.322e-01	-0.219	0.590	0.634	7.801e-01
OSR2	-0.472	6.817e-01	-0.130	0.594	0.634	7.801e-01
ZFP37	0.327	3.718e-01	-1.727	0.616	0.636	7.826e-01
TLX1	-0.392	6.524e-01	-0.110	0.580	0.636	7.826e-01
ZNF563	-0.543	7.063e-01	0.225	0.572	0.637	7.845e-01
CEBPG	-1.503	9.336e-01	0.714	0.592	0.637	7.851e-01
DNMT3A	-0.240	5.947e-01	-1.945	0.641	0.637	7.851e-01
TTF1	-0.679	7.513e-01	0.267	0.576	0.637	7.857e-01
ZNF317	-1.830	9.664e-01	1.441	0.561	0.638	7.876e-01
LMNB1	-0.764	7.776e-01	0.622	0.560	0.639	7.882e-01
ZSCAN23	0.343	3.658e-01	-2.085	0.619	0.640	7.907e-01
FOXA2	-6.378	1.000e+00	-0.795	0.665	0.641	7.919e-01
INSM2	0.248	4.022e-01	-1.963	0.620	0.642	7.932e-01
ZNF217	-0.737	7.694e-01	0.533	0.561	0.642	7.932e-01
ZNF343	0.400	3.445e-01	-3.184	0.625	0.642	7.944e-01
CTCF	-17.118	1.000e+00	-0.171	0.640	0.643	7.950e-01
JUN	-2.131	9.834e-01	-0.302	0.636	0.643	7.962e-01
STAT3	-1.232	8.910e-01	-1.106	0.650	0.644	7.968e-01
STAT5	-0.401	6.558e-01	-1.296	0.636	0.644	7.968e-01
HNF1A	-1.612	9.466e-01	0.260	0.607	0.644	7.974e-01
ZNF793	-1.253	8.950e-01	0.815	0.560	0.647	8.023e-01
ZNF346	0.380	3.520e-01	-2.617	0.619	0.648	8.035e-01
ZNF707	-0.983	8.372e-01	-0.250	0.608	0.648	8.041e-01
PTPN11	0.442	3.293e-01	-7.603	0.627	0.649	8.058e-01
ZNF506	-0.776	7.810e-01	0.480	0.559	0.651	8.088e-01
BANP	-0.437	6.691e-01	-0.458	0.603	0.651	8.094e-01
FOXA1	-17.915	1.000e+00	-0.336	0.644	0.652	8.100e-01
BATF3	-0.651	7.423e-01	0.190	0.566	0.652	8.111e-01
SMARCC1	-1.355	9.123e-01	-0.607	0.635	0.654	8.135e-01
ETV6	-0.855	8.037e-01	-0.164	0.598	0.655	8.158e-01
ZNF391	0.361	3.590e-01	-4.196	0.624	0.657	8.186e-01
ZNF837	-0.006	5.023e-01	-1.111	0.609	0.658	8.198e-01
EBNA3	-0.548	7.081e-01	-0.086	0.572	0.659	8.214e-01
HHEX	-0.877	8.096e-01	0.265	0.569	0.661	8.254e-01
AEBP2	-0.247	5.975e-01	-0.571	0.596	0.663	8.270e-01
LANA	0.207	4.179e-01	-4.396	0.628	0.664	8.298e-01
ZXDC	-0.441	6.704e-01	-0.300	0.578	0.664	8.298e-01
ARRB1	-0.666	7.472e-01	-0.149	0.577	0.666	8.330e-01
SRC	-0.607	7.281e-01	-1.076	0.626	0.668	8.352e-01
NR1H3	-0.737	7.695e-01	-0.299	0.594	0.668	8.357e-01
ZNF788	-0.660	7.454e-01	-0.259	0.581	0.669	8.368e-01
ZIM3	-1.674	9.529e-01	0.937	0.554	0.669	8.368e-01
MITF	-1.317	9.061e-01	-0.494	0.621	0.669	8.373e-01
HJURP	0.028	4.888e-01	-1.243	0.605	0.672	8.405e-01
INTS3	0.025	4.899e-01	-1.236	0.604	0.672	8.410e-01
THAP11	0.327	3.720e-01	-5.386	0.621	0.675	8.452e-01
FUS	-0.364	6.419e-01	-0.651	0.597	0.675	8.457e-01
TERF2	-0.161	5.638e-01	-0.739	0.594	0.676	8.467e-01
SETX	0.206	4.183e-01	-3.119	0.614	0.678	8.502e-01
GTF2A2	-0.171	5.677e-01	-0.753	0.593	0.679	8.507e-01
ZNF189	0.243	4.039e-01	-3.773	0.616	0.680	8.527e-01
ZNF366	-0.192	5.760e-01	-0.837	0.596	0.680	8.527e-01
CBX5	-0.858	8.044e-01	-0.533	0.607	0.683	8.567e-01
PBX3	-0.786	7.841e-01	-1.652	0.637	0.683	8.571e-01
ZNF580	0.150	4.404e-01	-2.573	0.611	0.683	8.571e-01
MLLT3	-0.045	5.179e-01	-1.175	0.600	0.685	8.596e-01
SOX2	-5.670	1.000e+00	-0.754	0.644	0.689	8.648e-01
SMAD3	-2.630	9.957e-01	-0.305	0.619	0.689	8.648e-01
ZNF792	0.145	4.424e-01	-2.913	0.611	0.690	8.662e-01
CHD5	-0.779	7.821e-01	-0.102	0.559	0.691	8.676e-01
ZNF585B	-0.804	7.894e-01	-0.262	0.574	0.692	8.680e-01
CBX2	-0.601	7.259e-01	-0.329	0.569	0.692	8.685e-01
GATA6	-5.167	1.000e+00	-0.617	0.638	0.694	8.708e-01
TCF21	-1.088	8.616e-01	-0.224	0.578	0.694	8.708e-01
WRNIP1	-0.062	5.249e-01	-1.258	0.599	0.695	8.717e-01
ZNF331	-1.090	8.622e-01	0.293	0.544	0.695	8.717e-01
PARP1	-1.273	8.984e-01	0.486	0.531	0.695	8.726e-01
GATA3	-9.766	1.000e+00	-0.447	0.632	0.696	8.731e-01
HIRA	-1.112	8.670e-01	-0.558	0.607	0.696	8.735e-01
NR1H2	-0.622	7.331e-01	-0.635	0.595	0.697	8.753e-01
CEBPB	-7.643	1.000e+00	-0.263	0.619	0.699	8.771e-01
PPARG	-2.204	9.862e-01	-0.733	0.633	0.699	8.771e-01
ZNF75D	-1.765	9.612e-01	0.734	0.543	0.699	8.771e-01
ZSCAN20	-0.167	5.664e-01	-1.119	0.597	0.699	8.775e-01
TRIM22	-0.740	7.704e-01	-0.358	0.574	0.700	8.779e-01
GATAD2B	-0.133	5.529e-01	-1.733	0.608	0.701	8.793e-01
CCND2	0.009	4.963e-01	-1.905	0.604	0.701	8.797e-01
SPIB	-1.833	9.666e-01	0.071	0.588	0.702	8.806e-01
NFE2L1	-1.657	9.512e-01	0.149	0.573	0.705	8.844e-01
ETS2	-0.177	5.704e-01	-2.436	0.614	0.707	8.865e-01
EHF	-0.481	6.847e-01	-1.765	0.616	0.708	8.877e-01
ZSCAN16	-0.425	6.645e-01	-1.824	0.614	0.709	8.886e-01
ZNF781	-1.398	9.189e-01	0.106	0.559	0.709	8.890e-01
ZBTB1	0.084	4.666e-01	-3.108	0.608	0.709	8.890e-01
ZNF808	-1.612	9.465e-01	0.690	0.487	0.709	8.894e-01
MAFK	-1.760	9.608e-01	-0.583	0.617	0.710	8.898e-01
SUMO1	-2.829	9.977e-01	-0.209	0.606	0.710	8.906e-01
BCAT1	-0.558	7.117e-01	-0.668	0.581	0.711	8.910e-01
BMI1	-2.366	9.910e-01	-0.838	0.633	0.711	8.910e-01
CHD8	-1.204	8.857e-01	-1.564	0.631	0.711	8.918e-01
ZBTB2	-1.318	9.062e-01	0.101	0.552	0.711	8.918e-01
EBNA2	-0.496	6.901e-01	-0.647	0.574	0.712	8.922e-01
HDAC4	-0.299	6.176e-01	-0.983	0.586	0.712	8.930e-01
BTAF1	-0.318	6.249e-01	-0.955	0.585	0.712	8.930e-01
GATA4	-5.526	1.000e+00	-0.780	0.636	0.714	8.942e-01
ZNF280D	0.032	4.871e-01	-2.724	0.605	0.714	8.950e-01
XCL1	-0.019	5.077e-01	-2.236	0.602	0.716	8.966e-01
CHD7	-1.303	9.037e-01	-1.754	0.635	0.717	8.982e-01
SF1	-0.764	7.777e-01	-0.380	0.560	0.721	9.028e-01
ZNF558	-0.366	6.427e-01	-1.607	0.602	0.722	9.035e-01
LIN9	-0.705	7.597e-01	-0.456	0.563	0.723	9.039e-01
FXR2	-0.495	6.897e-01	-0.765	0.574	0.723	9.039e-01
SPDEF	-0.319	6.253e-01	-2.740	0.614	0.723	9.043e-01
MYF5	-0.267	6.053e-01	-1.201	0.588	0.723	9.043e-01
TEAD4	-2.794	9.974e-01	-0.452	0.612	0.724	9.050e-01
ZNF611	-0.351	6.374e-01	-1.063	0.582	0.724	9.057e-01
RAD21	-6.696	1.000e+00	-0.524	0.622	0.726	9.076e-01
MRE11A	-0.303	6.192e-01	-1.578	0.597	0.727	9.083e-01
CBX4	0.031	4.876e-01	-3.645	0.605	0.727	9.087e-01
AHR	-1.950	9.744e-01	0.029	0.570	0.728	9.090e-01
ZNF35	-0.360	6.406e-01	-1.143	0.582	0.732	9.129e-01
ZNF101	-0.550	7.088e-01	-3.125	0.621	0.734	9.157e-01
RING1	-1.440	9.251e-01	-0.462	0.592	0.735	9.160e-01
ZNF136	-1.576	9.425e-01	0.313	0.493	0.735	9.160e-01
FOXO1	-1.535	9.376e-01	-0.478	0.596	0.735	9.164e-01
DEK	-0.336	6.315e-01	-1.908	0.600	0.736	9.171e-01
NR0B1	0.023	4.909e-01	-4.334	0.604	0.736	9.174e-01
STAG1	-3.962	1.000e+00	-0.521	0.613	0.737	9.181e-01
FOSL2	-5.934	1.000e+00	-0.659	0.620	0.738	9.194e-01
ZNF485	-1.300	9.031e-01	-0.104	0.529	0.738	9.194e-01
CBFA2T2	-0.460	6.773e-01	-1.039	0.576	0.740	9.211e-01
BATF	-1.450	9.265e-01	-0.517	0.591	0.743	9.240e-01
OVOL3	-0.151	5.600e-01	-3.503	0.604	0.744	9.249e-01
CTBP2	-0.225	5.889e-01	-2.728	0.602	0.745	9.252e-01
ZNF440	-1.269	8.977e-01	-0.227	0.531	0.746	9.265e-01
KMT2B	-0.594	7.239e-01	-0.903	0.569	0.747	9.268e-01
ZNF133	-1.273	8.985e-01	-0.210	0.531	0.747	9.271e-01
HDAC3	-1.610	9.463e-01	-0.872	0.606	0.749	9.290e-01
ZNF674	-0.141	5.563e-01	-2.607	0.595	0.750	9.296e-01
ZNF695	-0.063	5.252e-01	-3.591	0.599	0.750	9.299e-01
PPARD	-0.048	5.190e-01	-3.992	0.600	0.750	9.299e-01
DLX2	-1.185	8.819e-01	-0.317	0.537	0.751	9.305e-01
PRDM14	-0.845	8.009e-01	-0.595	0.556	0.753	9.320e-01
DRAP1	-0.598	7.251e-01	-0.953	0.569	0.753	9.320e-01
TSHZ1	-0.411	6.596e-01	-2.530	0.602	0.753	9.326e-01
NEUROD1	-2.469	9.932e-01	-0.912	0.616	0.754	9.329e-01
SMAD2-SMAD3	-1.638	9.493e-01	-0.771	0.601	0.754	9.329e-01
ZFP41	-0.870	8.077e-01	-0.874	0.577	0.754	9.329e-01
ASH1L	-0.047	5.188e-01	-9.019	0.600	0.757	9.352e-01
ZFAT	-0.968	8.335e-01	-0.510	0.550	0.757	9.355e-01
AGO2	-0.056	5.224e-01	-6.723	0.599	0.757	9.358e-01
ZNF429	-0.755	7.748e-01	-0.743	0.560	0.757	9.358e-01
TP73	-2.335	9.902e-01	-0.331	0.577	0.758	9.360e-01
CBX6	-0.336	6.317e-01	-2.398	0.594	0.760	9.375e-01
HMG20A	-1.015	8.450e-01	-0.517	0.548	0.762	9.391e-01
YBX1	-2.458	9.930e-01	-0.222	0.565	0.762	9.394e-01
ZNF518A	-0.154	5.613e-01	-4.036	0.598	0.763	9.400e-01
ZNF292	-0.855	8.038e-01	-0.732	0.555	0.767	9.429e-01
IRF4	-1.745	9.595e-01	-0.590	0.587	0.767	9.432e-01
ZNF264	-0.399	6.551e-01	-4.631	0.607	0.767	9.432e-01
EHMT2	-5.241	1.000e+00	-3.784	0.649	0.767	9.434e-01
AGO1	-0.995	8.402e-01	-1.863	0.606	0.767	9.434e-01
ZNF382	-1.890	9.706e-01	-0.839	0.601	0.769	9.447e-01
ZNF547	-0.593	7.234e-01	-3.261	0.607	0.770	9.452e-01
PRDM6	-1.121	8.689e-01	-0.483	0.541	0.771	9.458e-01
ZNF697	-0.909	8.184e-01	-2.168	0.608	0.771	9.460e-01
POU5F1	-5.264	1.000e+00	-0.348	0.578	0.774	9.480e-01
CDX2	-2.519	9.941e-01	-0.660	0.597	0.774	9.480e-01
BIRA	-1.329	9.080e-01	-0.944	0.587	0.774	9.480e-01
TAT	-0.654	7.433e-01	-1.153	0.566	0.775	9.485e-01
PRMT1	-1.334	9.089e-01	-0.732	0.571	0.776	9.493e-01
ZNF488	-0.953	8.296e-01	-0.995	0.571	0.778	9.505e-01
ZNF354C	-1.040	8.507e-01	-0.681	0.547	0.779	9.517e-01
ZNF140	-1.527	9.366e-01	-0.497	0.557	0.780	9.521e-01
GFI1B	-0.736	7.690e-01	-1.958	0.594	0.780	9.524e-01
ZNF8	-0.882	8.112e-01	-1.959	0.599	0.780	9.524e-01
ZNF483	-0.285	6.122e-01	-3.379	0.587	0.782	9.531e-01
ZNF100	-0.507	6.940e-01	-2.928	0.595	0.783	9.538e-01
SOX10	-1.309	9.047e-01	-0.458	0.528	0.783	9.540e-01
ATF4	-3.302	9.995e-01	-1.173	0.614	0.783	9.542e-01
TLE3	-3.568	9.998e-01	-0.119	0.540	0.784	9.547e-01
PCGF2	-1.444	9.257e-01	-0.516	0.549	0.785	9.553e-01
ZNF350	-0.284	6.118e-01	-3.861	0.587	0.786	9.560e-01
NKX3-1	-2.106	9.824e-01	-0.287	0.528	0.790	9.584e-01
PROX1	-1.187	8.823e-01	-2.128	0.604	0.790	9.586e-01
UBE2I	-0.401	6.560e-01	-3.031	0.580	0.791	9.588e-01
LHX2	-1.495	9.325e-01	-0.954	0.579	0.791	9.590e-01
PGR	-1.308	9.046e-01	-0.530	0.528	0.792	9.595e-01
FOXH1	-1.799	9.640e-01	-0.438	0.549	0.793	9.601e-01
WWTR1	-1.358	9.128e-01	-0.695	0.554	0.794	9.605e-01
PRDM1	-1.493	9.323e-01	-1.341	0.597	0.794	9.605e-01
ZNF486	-2.424	9.923e-01	-0.109	0.444	0.794	9.605e-01
ZNF16	-0.801	7.883e-01	-1.580	0.573	0.794	9.609e-01
ZNF649	-1.722	9.575e-01	-0.243	0.421	0.794	9.609e-01
FEZF1	-1.159	8.767e-01	-1.154	0.574	0.794	9.609e-01
ESCO2	-0.541	7.056e-01	-2.103	0.572	0.795	9.611e-01
ZNF641	-0.455	6.755e-01	-3.773	0.592	0.795	9.613e-01
SMC1A	-3.774	9.999e-01	-1.101	0.608	0.795	9.613e-01
KDM3B	-0.848	8.019e-01	-1.643	0.575	0.796	9.619e-01
ZNF586	-1.721	9.574e-01	-0.278	0.425	0.797	9.621e-01
CTNNB1	-1.529	9.369e-01	-0.428	0.501	0.799	9.633e-01
MKL2	-0.980	8.364e-01	-1.950	0.590	0.799	9.637e-01
MBOAT4	-0.359	6.403e-01	-5.290	0.582	0.800	9.641e-01
SMAD2	-2.547	9.946e-01	-0.376	0.545	0.803	9.654e-01
HIF1A	-1.394	9.183e-01	-3.521	0.613	0.803	9.658e-01
GPS2	-0.428	6.655e-01	-3.703	0.578	0.803	9.658e-01
TBX5	-3.030	9.988e-01	-0.335	0.535	0.807	9.678e-01
ZNF768	-0.666	7.473e-01	-1.962	0.565	0.809	9.687e-01
ZNF84	-1.057	8.546e-01	-1.042	0.546	0.811	9.698e-01
ELF3	-1.059	8.551e-01	-1.348	0.562	0.812	9.703e-01
ICE2	-0.549	7.086e-01	-2.822	0.572	0.813	9.705e-01
ZNF778	-0.735	7.687e-01	-2.917	0.580	0.813	9.706e-01
DAXX	-1.412	9.211e-01	-0.892	0.550	0.813	9.706e-01
NANOG	-6.174	1.000e+00	-0.458	0.556	0.815	9.716e-01
ERCC3	-0.664	7.465e-01	-2.358	0.565	0.816	9.721e-01
MYOG	-1.921	9.726e-01	-0.516	0.531	0.816	9.721e-01
ZNF780A	-0.878	8.100e-01	-1.493	0.554	0.817	9.726e-01
EBF3	-2.385	9.915e-01	-0.620	0.554	0.818	9.728e-01
HOXB13	-6.511	1.000e+00	-0.382	0.544	0.818	9.729e-01
ZNF680	-2.740	9.969e-01	-0.723	0.569	0.818	9.729e-01
ZNF823	-1.424	9.228e-01	-0.691	0.516	0.819	9.731e-01
ZNF207	-1.929	9.731e-01	-1.111	0.581	0.820	9.736e-01
ZNF248	-1.495	9.325e-01	-0.656	0.506	0.820	9.739e-01
BANF1	-1.822	9.658e-01	-0.923	0.566	0.820	9.739e-01
PHOX2B	-1.706	9.560e-01	-0.464	0.444	0.821	9.741e-01
ZNF765	-1.333	9.087e-01	-0.864	0.526	0.821	9.742e-01
ERF	-1.870	9.693e-01	-1.001	0.573	0.821	9.744e-01
SSU72	-1.270	8.980e-01	-0.976	0.531	0.822	9.748e-01
POU3F2	-0.723	7.651e-01	-3.286	0.575	0.823	9.751e-01
SIX1	-1.647	9.503e-01	-1.705	0.594	0.824	9.753e-01
ZSCAN2	-0.859	8.048e-01	-1.682	0.555	0.824	9.753e-01
PITX3	-1.035	8.497e-01	-1.336	0.547	0.824	9.754e-01
ZNF682	-0.682	7.523e-01	-5.344	0.584	0.826	9.762e-01
ZNF425	-0.729	7.671e-01	-2.517	0.561	0.827	9.768e-01
HOXA2	-0.586	7.210e-01	-3.715	0.570	0.827	9.768e-01
MEF2B	-3.374	9.996e-01	-0.724	0.563	0.828	9.769e-01
ILK	-1.642	9.497e-01	-0.876	0.546	0.828	9.769e-01
BAHD1	-2.671	9.962e-01	-0.431	0.505	0.828	9.771e-01
HNF1B	-1.506	9.339e-01	-0.737	0.505	0.829	9.776e-01
ZNF182	-1.042	8.513e-01	-1.493	0.546	0.830	9.780e-01
NONO	-1.347	9.109e-01	-1.287	0.557	0.831	9.783e-01
SFPQ	-1.629	9.483e-01	-0.669	0.483	0.831	9.785e-01
TEAD1	-3.026	9.988e-01	-0.596	0.544	0.832	9.787e-01
ZNF304	-1.030	8.485e-01	-1.643	0.547	0.834	9.794e-01
PGBD3	-1.200	8.848e-01	-1.241	0.537	0.834	9.795e-01
PAX3	-1.606	9.458e-01	-0.777	0.487	0.837	9.806e-01
ZNF675	-1.380	9.162e-01	-0.981	0.521	0.838	9.808e-01
ZNF549	-0.947	8.283e-01	-1.919	0.551	0.838	9.808e-01
NUP98-HOXA9	-1.722	9.575e-01	-0.634	0.421	0.839	9.812e-01
PRDM12	-1.415	9.215e-01	-0.975	0.517	0.840	9.815e-01
ZNF44	-0.664	7.468e-01	-3.896	0.565	0.841	9.818e-01
PAX6	-1.933	9.734e-01	-2.140	0.596	0.843	9.826e-01
EOMES	-3.108	9.991e-01	-0.553	0.512	0.844	9.831e-01
ZNF93	-0.837	7.988e-01	-2.680	0.556	0.844	9.831e-01
ZNF260	-0.695	7.566e-01	-3.843	0.563	0.845	9.832e-01
SMC3	-5.188	1.000e+00	-1.123	0.578	0.845	9.833e-01
CENPT	-1.731	9.583e-01	-0.674	0.327	0.846	9.836e-01
MEIS1	-2.157	9.845e-01	-0.898	0.541	0.847	9.839e-01
PIAS1	-6.127	1.000e+00	-0.574	0.523	0.849	9.845e-01
OTX2	-6.283	1.000e+00	-0.797	0.555	0.850	9.848e-01
ERCC2	-0.900	8.160e-01	-2.528	0.553	0.850	9.848e-01
ZNF786	-0.688	7.542e-01	-6.056	0.564	0.851	9.850e-01
ZNF26	-1.446	9.259e-01	-1.074	0.513	0.852	9.855e-01
CHAT	-2.309	9.895e-01	-0.714	0.483	0.853	9.857e-01
HAND2	-1.642	9.497e-01	-0.905	0.481	0.853	9.857e-01
LMTK3	-1.620	9.474e-01	-1.331	0.547	0.854	9.861e-01
ZNF671	-0.739	7.701e-01	-5.149	0.561	0.856	9.866e-01
ZNF17	-1.353	9.120e-01	-1.354	0.524	0.857	9.869e-01
ZNF654	-1.775	9.621e-01	-1.070	0.533	0.859	9.874e-01
HES2	-6.145	1.000e+00	-0.810	0.544	0.860	9.875e-01
CENPC	-1.732	9.583e-01	-0.864	0.198	0.861	9.880e-01
ZNF169	-1.425	9.229e-01	-1.259	0.516	0.862	9.881e-01
ZNF48	-1.284	9.005e-01	-1.736	0.530	0.862	9.883e-01
SMARCA2	-2.335	9.902e-01	-0.853	0.488	0.863	9.884e-01
MAML3	-3.428	9.997e-01	-0.647	0.439	0.863	9.885e-01
SOX11	-2.120	9.830e-01	-0.945	0.509	0.865	9.888e-01
USP49	-1.334	9.089e-01	-1.640	0.526	0.865	9.889e-01
KDM1B	-1.651	9.507e-01	-1.041	0.479	0.867	9.895e-01
EBNA3C	-2.496	9.937e-01	-0.939	0.521	0.868	9.898e-01
ZNF138	-1.096	8.635e-01	-2.673	0.543	0.870	9.902e-01
LRWD1	-1.730	9.582e-01	-1.016	0.338	0.872	9.907e-01
ZNF585A	-1.071	8.579e-01	-3.078	0.545	0.873	9.908e-01
SIX2	-3.605	9.998e-01	-0.928	0.522	0.874	9.910e-01
GRIP1	-1.907	9.717e-01	-1.383	0.539	0.875	9.912e-01
ZNF287	-1.613	9.466e-01	-1.286	0.487	0.875	9.912e-01
SIX4	-1.374	9.153e-01	-1.778	0.522	0.875	9.913e-01
PLRG1	-2.428	9.924e-01	-0.934	0.437	0.878	9.919e-01
PDX1	-2.014	9.780e-01	-1.284	0.527	0.880	9.922e-01
NOTCH3	-1.728	9.580e-01	-1.121	0.405	0.881	9.924e-01
ATF7IP	-1.675	9.530e-01	-2.967	0.567	0.884	9.929e-01
ZNF800	-1.532	9.373e-01	-2.525	0.550	0.884	9.930e-01
H3F3B	-1.631	9.486e-01	-1.487	0.483	0.884	9.930e-01
EWSR1	-2.253	9.879e-01	-2.375	0.564	0.888	9.937e-01
SMN1	-1.655	9.510e-01	-1.508	0.477	0.890	9.940e-01
DUX4	-2.920	9.982e-01	-1.034	0.475	0.892	9.943e-01
HOXC9	-2.291	9.890e-01	-1.249	0.485	0.892	9.943e-01
ZNF618	-1.295	9.023e-01	-3.059	0.529	0.892	9.944e-01
ZFP28	-2.278	9.886e-01	-1.424	0.487	0.897	9.951e-01
TEAD1-TEAD4	-1.637	9.492e-01	-2.002	0.482	0.904	9.961e-01
POU2F1	-1.647	9.503e-01	-2.092	0.480	0.909	9.966e-01
ZNF605	-1.400	9.192e-01	-3.318	0.518	0.909	9.967e-01
TOP1	-2.446	9.928e-01	-3.981	0.566	0.914	9.971e-01
ZNF430	-1.697	9.552e-01	-2.171	0.457	0.915	9.973e-01
LMNA	-2.306	9.894e-01	-2.183	0.498	0.923	9.980e-01
ZNF573	-1.470	9.292e-01	-4.521	0.509	0.926	9.982e-01
