TR	statistic	pvalue	zscore	max_auc	re_rank	irwin_hall_pvalue
NR2C2	3.956	3.806e-05	2.343	0.640	0.045	4.182e-04
MBD2	2.672	3.768e-03	2.457	0.646	0.049	5.375e-04
FXR1	1.731	4.171e-02	3.401	0.671	0.052	6.373e-04
EPC1	2.335	9.764e-03	2.970	0.631	0.055	7.635e-04
DNMT3B	2.689	3.583e-03	3.786	0.621	0.057	8.245e-04
ZBTB33	3.687	1.136e-04	4.298	0.610	0.068	1.411e-03
ARNTL	2.335	9.762e-03	2.514	0.630	0.069	1.503e-03
NRF1	6.480	4.592e-11	1.698	0.635	0.070	1.526e-03
MYC	9.239	1.239e-20	1.560	0.646	0.070	1.550e-03
ZNF445	1.628	5.175e-02	5.040	0.627	0.074	1.827e-03
CSNK2A1	1.652	4.926e-02	3.387	0.630	0.075	1.908e-03
SUPT5H	3.618	1.482e-04	1.511	0.649	0.079	2.196e-03
NKRF	1.916	2.770e-02	3.216	0.620	0.079	2.196e-03
HDAC1	3.446	2.842e-04	1.532	0.636	0.084	2.713e-03
FAM208A	2.226	1.300e-02	2.413	0.624	0.085	2.748e-03
POLR2A	36.196	3.526e-287	1.146	0.677	0.088	3.074e-03
KDM5A	3.347	4.085e-04	1.294	0.649	0.093	3.674e-03
TCOF1	1.669	4.756e-02	2.289	0.631	0.094	3.717e-03
ZFX	2.610	4.532e-03	1.455	0.643	0.096	3.979e-03
PAF1	5.060	2.091e-07	1.103	0.639	0.098	4.300e-03
ATF1	2.454	7.058e-03	1.829	0.625	0.101	4.589e-03
KLF1	2.349	9.419e-03	2.370	0.614	0.103	4.942e-03
SP1	3.342	4.156e-04	1.380	0.630	0.104	5.098e-03
KLF13	1.887	2.959e-02	2.902	0.611	0.105	5.258e-03
ZMYM3	1.892	2.927e-02	2.720	0.608	0.114	6.722e-03
MYH11	1.745	4.046e-02	1.514	0.635	0.115	6.850e-03
HCFC1	2.803	2.530e-03	1.079	0.634	0.118	7.309e-03
MAPK1	2.152	1.571e-02	1.706	0.620	0.118	7.309e-03
ZBTB7A	3.897	4.877e-05	1.380	0.618	0.119	7.512e-03
KLF9	2.772	2.784e-03	1.197	0.629	0.120	7.789e-03
INO80	2.628	4.291e-03	1.083	0.632	0.123	8.435e-03
ZNF740	1.686	4.585e-02	3.072	0.603	0.130	9.916e-03
KAT5	2.611	4.515e-03	1.061	0.630	0.130	9.999e-03
ZNF711	1.549	6.063e-02	1.968	0.620	0.131	1.016e-02
KRAB	2.438	7.379e-03	2.212	0.604	0.133	1.059e-02
PHF6	1.669	4.760e-02	1.349	0.631	0.136	1.129e-02
BRPF3	2.765	2.842e-03	0.810	0.635	0.136	1.129e-02
AUTS2	1.645	5.002e-02	1.493	0.629	0.136	1.138e-02
HEY1	1.681	4.636e-02	2.452	0.606	0.136	1.138e-02
MNT	1.646	4.985e-02	2.917	0.602	0.138	1.184e-02
KAT8	1.934	2.658e-02	1.481	0.619	0.138	1.184e-02
CREB1	3.425	3.078e-04	0.724	0.633	0.139	1.212e-02
CBFB	2.507	6.095e-03	1.050	0.627	0.140	1.240e-02
NFYB	1.547	6.088e-02	2.995	0.602	0.145	1.358e-02
ZTA	1.482	6.920e-02	3.582	0.601	0.147	1.430e-02
GABPA	4.403	5.344e-06	0.573	0.630	0.150	1.527e-02
TFDP1	2.434	7.463e-03	1.131	0.617	0.151	1.538e-02
SIRT1	1.147	1.257e-01	3.060	0.610	0.151	1.538e-02
ZNF639	1.953	2.543e-02	1.567	0.610	0.153	1.627e-02
ZIC2	1.515	6.492e-02	1.564	0.618	0.155	1.685e-02
BCL11B	2.954	1.567e-03	0.707	0.627	0.156	1.697e-02
TRIM24	1.408	7.951e-02	3.798	0.598	0.158	1.781e-02
EGR1	2.288	1.108e-02	1.135	0.614	0.158	1.781e-02
RUNX1	2.472	6.714e-03	0.768	0.625	0.161	1.867e-02
YBX3	1.587	5.623e-02	2.453	0.600	0.161	1.892e-02
DPF1	1.153	1.245e-01	4.213	0.601	0.162	1.905e-02
SPIN1	1.693	4.519e-02	0.772	0.636	0.164	1.969e-02
KLF10	1.832	3.349e-02	1.290	0.614	0.164	1.982e-02
LEO1	1.308	9.540e-02	2.231	0.608	0.165	2.008e-02
ZNF131	1.649	4.957e-02	0.908	0.630	0.166	2.048e-02
PCGF1	1.644	5.011e-02	0.803	0.633	0.169	2.184e-02
BRD1	1.655	4.895e-02	0.844	0.630	0.169	2.184e-02
ERG	2.083	1.864e-02	0.786	0.620	0.173	2.326e-02
ORC1	1.490	6.812e-02	1.335	0.617	0.174	2.370e-02
ELK1	3.353	4.002e-04	0.563	0.620	0.175	2.400e-02
MLLT1	2.295	1.085e-02	0.689	0.621	0.177	2.474e-02
KMT2D	3.537	2.027e-04	0.312	0.628	0.178	2.520e-02
TRIM25	1.799	3.601e-02	1.867	0.598	0.178	2.535e-02
NFYA	2.669	3.801e-03	0.811	0.613	0.178	2.535e-02
E2F1	7.977	7.473e-16	0.064	0.634	0.178	2.551e-02
ZNF143	2.765	2.850e-03	0.646	0.617	0.179	2.566e-02
DDX21	2.300	1.072e-02	0.345	0.634	0.180	2.629e-02
WDR5	2.091	1.824e-02	0.534	0.629	0.183	2.740e-02
HDGF	2.162	1.532e-02	2.006	0.592	0.185	2.855e-02
LEF1	1.271	1.019e-01	0.800	0.642	0.185	2.855e-02
MCM7	1.305	9.599e-02	2.491	0.597	0.187	2.922e-02
ZNF274	1.256	1.045e-01	6.620	0.589	0.188	2.973e-02
KLF12	1.503	6.637e-02	1.032	0.618	0.188	2.990e-02
CDC5L	1.399	8.094e-02	2.590	0.593	0.188	3.008e-02
E2F6	2.083	1.863e-02	1.062	0.605	0.189	3.042e-02
ETS2	1.301	9.663e-02	1.704	0.605	0.191	3.112e-02
SSRP1	1.059	1.449e-01	2.129	0.608	0.192	3.183e-02
USF2	1.886	2.962e-02	1.651	0.596	0.194	3.310e-02
KAT7	1.629	5.161e-02	0.630	0.628	0.195	3.347e-02
CSDE1	1.623	5.231e-02	2.321	0.591	0.196	3.365e-02
ZNF121	1.218	1.117e-01	2.828	0.593	0.196	3.384e-02
ZNF687	1.548	6.083e-02	1.714	0.598	0.197	3.459e-02
UBTF	1.993	2.311e-02	0.764	0.610	0.200	3.612e-02
SON	1.144	1.262e-01	2.186	0.600	0.201	3.671e-02
FOXK1	1.550	6.061e-02	2.144	0.592	0.203	3.750e-02
NBN	1.709	4.369e-02	1.474	0.598	0.203	3.770e-02
PHF8	5.332	4.859e-08	-0.253	0.640	0.203	3.790e-02
GTF2I	0.934	1.751e-01	1.656	0.615	0.205	3.851e-02
ZBTB11	2.768	2.817e-03	0.612	0.607	0.205	3.871e-02
ZNF592	1.419	7.798e-02	1.900	0.596	0.206	3.933e-02
FOXK2	1.785	3.712e-02	2.396	0.582	0.206	3.953e-02
KDM2B	2.890	1.929e-03	0.282	0.615	0.207	3.974e-02
SETDB1	0.988	1.616e-01	3.308	0.596	0.207	3.995e-02
EMSY	1.646	4.984e-02	0.420	0.629	0.207	3.995e-02
TET2	0.782	2.170e-01	1.475	0.626	0.209	4.100e-02
SAP30	2.841	2.250e-03	-0.187	0.636	0.212	4.293e-02
SREBF1	1.690	4.553e-02	0.999	0.603	0.212	4.293e-02
YY1	5.141	1.364e-07	-0.335	0.640	0.212	4.315e-02
HLTF	1.199	1.152e-01	2.610	0.589	0.214	4.403e-02
MCM3	1.273	1.015e-01	2.503	0.589	0.215	4.448e-02
TBP	1.975	2.413e-02	-0.018	0.635	0.215	4.470e-02
KLF4	0.914	1.803e-01	2.121	0.604	0.216	4.515e-02
CNOT3	1.332	9.147e-02	1.695	0.597	0.217	4.583e-02
MAX	1.884	2.980e-02	0.084	0.630	0.218	4.652e-02
GTF2E2	1.285	9.944e-02	1.129	0.607	0.218	4.652e-02
NFAT5	1.425	7.706e-02	0.778	0.614	0.220	4.768e-02
NCAPH2	1.723	4.244e-02	0.789	0.604	0.221	4.839e-02
INTS11	1.886	2.962e-02	0.996	0.598	0.221	4.886e-02
KMT2A	2.133	1.644e-02	0.875	0.598	0.222	4.934e-02
MORC2	1.505	6.621e-02	0.590	0.617	0.223	4.958e-02
RFX1	0.822	2.056e-01	1.653	0.613	0.223	4.982e-02
RAD51	1.138	1.276e-01	2.723	0.587	0.226	5.202e-02
HINFP	1.335	9.092e-02	2.532	0.583	0.226	5.202e-02
GTF2B	4.216	1.241e-05	-0.361	0.632	0.226	5.202e-02
HMGN3	1.143	1.265e-01	1.533	0.600	0.226	5.227e-02
HDAC8	1.477	6.988e-02	1.614	0.592	0.227	5.252e-02
HDAC2	1.922	2.729e-02	0.898	0.597	0.228	5.302e-02
FOXD2	1.281	1.000e-01	1.003	0.607	0.228	5.352e-02
GTF3C2	1.097	1.363e-01	2.306	0.592	0.229	5.429e-02
RAC3	1.057	1.453e-01	2.031	0.596	0.230	5.454e-02
SP2	2.468	6.786e-03	0.465	0.604	0.230	5.480e-02
MYCN	2.532	5.671e-03	-0.331	0.636	0.231	5.531e-02
TAF7	1.782	3.738e-02	0.647	0.603	0.233	5.688e-02
EGR2	1.482	6.918e-02	1.057	0.599	0.235	5.821e-02
CREB3	1.160	1.231e-01	2.505	0.585	0.236	5.928e-02
ZNF281	1.225	1.103e-01	1.030	0.604	0.238	6.065e-02
KLF5	1.520	6.422e-02	1.000	0.598	0.241	6.287e-02
GMEB1	1.612	5.347e-02	0.052	0.625	0.241	6.315e-02
ELL2	3.273	5.329e-04	-0.459	0.632	0.242	6.372e-02
GATA1	0.390	3.484e-01	2.260	0.613	0.245	6.602e-02
KLF3	1.055	1.457e-01	1.632	0.596	0.248	6.837e-02
GMEB2	2.366	8.982e-03	-0.505	0.642	0.248	6.897e-02
CCNT2	0.987	1.617e-01	2.010	0.593	0.250	7.017e-02
MBTD1	1.074	1.413e-01	1.471	0.597	0.250	7.048e-02
GLI2	1.638	5.076e-02	-0.167	0.630	0.251	7.109e-02
NELFA	4.937	3.959e-07	-0.713	0.662	0.251	7.109e-02
ZNF76	1.549	6.069e-02	0.302	0.613	0.251	7.109e-02
RARG	1.378	8.417e-02	1.416	0.590	0.253	7.294e-02
ZNF75A	1.412	7.896e-02	0.363	0.613	0.254	7.387e-02
COPS2	1.003	1.579e-01	1.671	0.593	0.258	7.770e-02
NELFE	5.048	2.235e-07	-0.800	0.637	0.260	7.900e-02
GABP	1.255	1.048e-01	1.034	0.597	0.260	7.933e-02
ID3	1.071	1.422e-01	2.213	0.584	0.260	7.933e-02
MED1	3.566	1.809e-04	-0.817	0.651	0.261	7.999e-02
STAT5B	1.572	5.796e-02	0.424	0.603	0.263	8.165e-02
GTF2A2	0.845	1.990e-01	2.487	0.586	0.264	8.300e-02
ARID2	1.569	5.835e-02	0.015	0.614	0.265	8.368e-02
TAF3	1.496	6.733e-02	0.004	0.617	0.265	8.402e-02
CHD1	4.145	1.700e-05	-0.703	0.630	0.266	8.505e-02
ZKSCAN8	1.056	1.455e-01	1.660	0.589	0.266	8.505e-02
NFRKB	1.273	1.015e-01	1.364	0.588	0.267	8.540e-02
BANP	0.702	2.412e-01	2.790	0.586	0.267	8.574e-02
LARP7	0.700	2.419e-01	2.335	0.591	0.267	8.609e-02
ZNF202	0.699	2.424e-01	1.297	0.606	0.267	8.609e-02
AFF1	1.213	1.126e-01	0.485	0.609	0.267	8.609e-02
NCOA1	1.042	1.487e-01	1.889	0.585	0.269	8.748e-02
SIN3A	3.113	9.272e-04	-0.834	0.640	0.270	8.819e-02
RARA	0.677	2.492e-01	1.042	0.610	0.274	9.249e-02
FEV	1.211	1.129e-01	0.561	0.603	0.274	9.285e-02
CBX1	0.936	1.745e-01	1.070	0.600	0.275	9.359e-02
TET3	1.061	1.444e-01	0.861	0.600	0.275	9.359e-02
ARNT	0.528	2.987e-01	3.910	0.585	0.276	9.432e-02
NCOR1	1.348	8.878e-02	-0.040	0.618	0.277	9.581e-02
ELK4	2.856	2.145e-03	-0.687	0.629	0.278	9.655e-02
RBBP5	2.426	7.632e-03	-0.518	0.620	0.280	9.882e-02
TAL1	0.079	4.686e-01	1.855	0.619	0.281	9.996e-02
ZNF8	0.785	2.161e-01	2.193	0.585	0.282	1.011e-01
ZBTB40	1.462	7.181e-02	1.286	0.580	0.283	1.023e-01
SIX5	2.297	1.080e-02	-0.427	0.614	0.284	1.031e-01
CPSF3L	2.204	1.376e-02	-0.620	0.628	0.284	1.035e-01
PATZ1	1.457	7.255e-02	-0.127	0.616	0.284	1.035e-01
LRWD1	0.653	2.570e-01	4.099	0.577	0.285	1.038e-01
KDM1A	0.303	3.810e-01	1.499	0.613	0.285	1.042e-01
CDK9	3.634	1.393e-04	-0.835	0.627	0.285	1.046e-01
SP4	1.165	1.220e-01	0.274	0.609	0.286	1.050e-01
MTA3	0.882	1.889e-01	1.153	0.596	0.286	1.054e-01
TAZ	0.871	1.918e-01	1.721	0.587	0.287	1.062e-01
ZNF318	1.077	1.406e-01	1.957	0.577	0.287	1.066e-01
CD59	0.834	2.021e-01	1.875	0.585	0.290	1.099e-01
CASP8AP2	1.125	1.303e-01	0.635	0.600	0.290	1.103e-01
ZFP41	1.003	1.580e-01	1.751	0.581	0.291	1.107e-01
ZNF146	0.883	1.885e-01	2.949	0.573	0.292	1.119e-01
PML	1.674	4.708e-02	0.427	0.592	0.292	1.123e-01
ZSCAN29	0.951	1.709e-01	1.729	0.582	0.293	1.127e-01
ETS1	4.300	8.555e-06	-0.899	0.623	0.293	1.136e-01
BCOR	1.175	1.199e-01	1.232	0.583	0.294	1.144e-01
TDRD3	1.306	9.569e-02	0.038	0.608	0.294	1.144e-01
REL	1.448	7.381e-02	-0.000	0.606	0.295	1.157e-01
CDK8	1.896	2.900e-02	-0.448	0.614	0.296	1.170e-01
EZH1	1.245	1.066e-01	0.065	0.608	0.297	1.178e-01
ARID5B	1.083	1.395e-01	0.662	0.597	0.299	1.200e-01
SMARCA5	0.538	2.954e-01	2.841	0.581	0.299	1.204e-01
ZNF436	0.693	2.441e-01	2.452	0.579	0.300	1.213e-01
ZKSCAN1	0.911	1.811e-01	1.274	0.589	0.301	1.221e-01
DDX5	0.051	4.798e-01	2.694	0.600	0.301	1.230e-01
KDM4C	1.192	1.166e-01	0.241	0.603	0.301	1.230e-01
EP400	0.954	1.701e-01	1.085	0.591	0.301	1.230e-01
MIER1	0.853	1.969e-01	2.365	0.575	0.302	1.235e-01
ZNF837	1.023	1.533e-01	1.208	0.586	0.302	1.243e-01
CDK7	1.748	4.026e-02	-0.729	0.629	0.304	1.261e-01
ZNF83	1.081	1.399e-01	1.099	0.585	0.305	1.279e-01
BCL3	3.652	1.303e-04	-0.942	0.619	0.306	1.288e-01
PYGO2	0.723	2.349e-01	2.569	0.574	0.306	1.288e-01
ZNF584	0.940	1.737e-01	1.457	0.583	0.306	1.288e-01
BRD3	2.175	1.483e-02	-0.556	0.611	0.307	1.302e-01
RBCK1	1.433	7.587e-02	-0.313	0.614	0.307	1.302e-01
RPE	2.941	1.633e-03	-1.014	0.624	0.309	1.325e-01
FGFR1	1.569	5.832e-02	-0.282	0.607	0.309	1.325e-01
L3MBTL2	0.729	2.329e-01	2.549	0.574	0.311	1.348e-01
NFATC1	1.550	6.055e-02	-0.480	0.616	0.312	1.372e-01
BRD2	3.023	1.251e-03	-1.733	0.639	0.315	1.405e-01
ZNF287	0.571	2.842e-01	3.291	0.574	0.315	1.405e-01
ZBTB14	1.150	1.250e-01	0.162	0.601	0.316	1.415e-01
RUNX1T1	0.921	1.786e-01	0.755	0.595	0.316	1.415e-01
POLR2B	1.869	3.081e-02	-0.876	0.628	0.316	1.420e-01
ZNF263	1.294	9.792e-02	0.629	0.587	0.316	1.420e-01
ADNP	0.793	2.140e-01	2.099	0.575	0.316	1.425e-01
BRD4	5.009	2.729e-07	-1.902	0.633	0.317	1.429e-01
ZFP57	0.618	2.682e-01	3.386	0.571	0.317	1.429e-01
ELF1	2.871	2.046e-03	-0.841	0.613	0.317	1.434e-01
KDM5C	1.750	4.010e-02	-0.643	0.615	0.317	1.434e-01
SNAPC1	1.420	7.775e-02	-0.382	0.613	0.318	1.444e-01
NFIA	0.386	3.498e-01	3.380	0.578	0.320	1.479e-01
ZBTB17	0.563	2.866e-01	1.064	0.597	0.320	1.479e-01
ZNF611	0.641	2.608e-01	2.245	0.577	0.321	1.484e-01
ZNF644	0.878	1.900e-01	1.333	0.583	0.321	1.489e-01
SMAD5	2.049	2.024e-02	-0.850	0.618	0.322	1.509e-01
OGT	2.509	6.053e-03	-1.177	0.623	0.324	1.524e-01
PTRF	0.540	2.945e-01	2.624	0.574	0.324	1.534e-01
HSF1	1.419	7.794e-02	-0.189	0.602	0.326	1.560e-01
TFAP2C	0.513	3.038e-01	1.649	0.587	0.326	1.560e-01
ZNF175	0.849	1.981e-01	1.892	0.573	0.327	1.570e-01
ZNF282	1.180	1.190e-01	0.529	0.588	0.328	1.586e-01
GRHL3	0.579	2.814e-01	1.889	0.580	0.328	1.586e-01
ZFP64	0.444	3.284e-01	2.413	0.579	0.329	1.601e-01
SUMO2	-1.225	8.897e-01	2.542	0.630	0.330	1.612e-01
ZNF24	1.064	1.437e-01	1.141	0.577	0.330	1.612e-01
ZNF320	0.611	2.707e-01	3.879	0.568	0.330	1.612e-01
CREBBP	0.374	3.542e-01	0.706	0.611	0.331	1.628e-01
KDM5B	0.738	2.301e-01	0.079	0.613	0.331	1.633e-01
NOTCH1	1.285	9.938e-02	-0.385	0.611	0.331	1.633e-01
ING2	0.648	2.584e-01	1.878	0.577	0.331	1.633e-01
RBP2	1.696	4.490e-02	-1.384	0.636	0.332	1.644e-01
AFF4	3.748	8.930e-05	-2.186	0.630	0.332	1.649e-01
PTTG1	0.530	2.981e-01	2.586	0.573	0.333	1.660e-01
KLF6	1.083	1.393e-01	0.166	0.597	0.333	1.660e-01
NFYC	1.445	7.427e-02	-0.615	0.615	0.336	1.714e-01
KLF15	1.587	5.630e-02	-0.872	0.621	0.337	1.720e-01
STAT2	1.442	7.464e-02	-0.240	0.599	0.340	1.770e-01
ZNF707	0.538	2.952e-01	2.238	0.574	0.340	1.775e-01
MXI1	1.568	5.843e-02	-0.600	0.609	0.342	1.798e-01
ZNF48	0.605	2.725e-01	1.816	0.575	0.342	1.798e-01
SCML2	0.845	1.992e-01	0.899	0.585	0.342	1.803e-01
ERCC6	0.337	3.680e-01	0.640	0.610	0.342	1.803e-01
SETD1A	1.124	1.305e-01	-0.073	0.601	0.343	1.809e-01
MAZ	1.647	4.973e-02	-0.307	0.596	0.343	1.815e-01
PHIP	1.741	4.080e-02	-0.497	0.599	0.345	1.843e-01
ZNF197	0.909	1.817e-01	1.048	0.578	0.347	1.878e-01
ZNF284	0.432	3.328e-01	3.883	0.569	0.347	1.884e-01
TGIF2	1.000	1.588e-01	0.722	0.583	0.347	1.884e-01
CEBPA	0.156	4.381e-01	0.591	0.620	0.348	1.890e-01
ELF2	1.547	6.095e-02	-0.933	0.620	0.348	1.890e-01
ATOH1	1.302	9.644e-02	-0.502	0.608	0.348	1.890e-01
MXD3	1.233	1.089e-01	-0.363	0.604	0.348	1.890e-01
VEZF1	1.496	6.734e-02	-0.311	0.598	0.348	1.901e-01
SREBF2	1.159	1.232e-01	-0.220	0.601	0.349	1.913e-01
NFE2	0.767	2.216e-01	0.515	0.594	0.350	1.931e-01
ZNF28	0.489	3.123e-01	2.507	0.571	0.350	1.937e-01
XBP1	0.683	2.474e-01	0.726	0.591	0.352	1.955e-01
POLR3A	0.633	2.634e-01	1.284	0.581	0.352	1.967e-01
ZNF589	0.812	2.084e-01	1.051	0.579	0.353	1.978e-01
ZNF207	0.778	2.182e-01	1.509	0.573	0.354	1.990e-01
SMARCE1	0.195	4.227e-01	3.708	0.574	0.355	2.015e-01
GLIS2	1.181	1.188e-01	0.274	0.585	0.355	2.015e-01
MTA2	0.580	2.809e-01	1.156	0.582	0.356	2.027e-01
FOXJ2	0.902	1.836e-01	0.893	0.579	0.356	2.027e-01
HES1	0.497	3.097e-01	1.593	0.578	0.358	2.063e-01
NCAPG	0.368	3.563e-01	1.366	0.587	0.358	2.070e-01
BRCA1	1.732	4.168e-02	-1.535	0.623	0.359	2.076e-01
ZNF783	1.102	1.352e-01	-0.150	0.598	0.359	2.082e-01
BRDU	0.262	3.966e-01	1.958	0.581	0.360	2.100e-01
E2F4	2.676	3.721e-03	-2.253	0.620	0.361	2.119e-01
ASCL2	1.071	1.421e-01	-0.087	0.597	0.362	2.138e-01
MAFB	1.178	1.194e-01	-0.407	0.602	0.362	2.138e-01
ZMYND8	1.194	1.162e-01	0.227	0.583	0.363	2.144e-01
MEN1	0.921	1.784e-01	0.651	0.582	0.363	2.144e-01
PBX2	0.639	2.615e-01	1.534	0.573	0.363	2.156e-01
ZEB2	0.739	2.300e-01	1.407	0.573	0.364	2.169e-01
DDX20	0.575	2.826e-01	1.453	0.576	0.366	2.194e-01
SNAI2	0.133	4.469e-01	2.097	0.584	0.366	2.201e-01
NR4A1	0.513	3.040e-01	0.964	0.587	0.366	2.207e-01
TAFII	1.889	2.942e-02	-1.718	0.618	0.367	2.213e-01
H2AZ	1.986	2.353e-02	-2.255	0.625	0.368	2.232e-01
AEBP2	0.765	2.221e-01	1.277	0.573	0.369	2.252e-01
IRF3	1.386	8.289e-02	-0.960	0.616	0.370	2.265e-01
TAF1	3.325	4.415e-04	-1.886	0.608	0.370	2.277e-01
CUX1	0.219	4.132e-01	1.192	0.592	0.370	2.277e-01
DCP1A	2.010	2.221e-02	-2.322	0.623	0.370	2.277e-01
STAT5	0.699	2.423e-01	-0.062	0.604	0.371	2.290e-01
HOXA1	1.196	1.158e-01	-0.528	0.603	0.371	2.290e-01
REPIN1	0.188	4.253e-01	1.680	0.584	0.373	2.323e-01
TSC22D4	0.315	3.763e-01	2.218	0.573	0.373	2.323e-01
PRDM2	1.044	1.481e-01	0.354	0.582	0.373	2.336e-01
RAG2	1.017	1.546e-01	-0.049	0.594	0.375	2.356e-01
CTBP2	0.618	2.683e-01	-0.340	0.616	0.375	2.369e-01
HBP1	1.138	1.276e-01	-0.033	0.587	0.379	2.442e-01
PHF2	1.986	2.351e-02	-1.983	0.614	0.380	2.448e-01
ORC2	0.601	2.741e-01	1.124	0.575	0.380	2.448e-01
PKNOX1	0.407	3.420e-01	2.724	0.565	0.380	2.455e-01
CBX8	0.363	3.584e-01	-0.197	0.621	0.381	2.468e-01
ZEB1	0.996	1.597e-01	-0.125	0.595	0.381	2.475e-01
MEF2D	0.562	2.869e-01	1.811	0.568	0.382	2.488e-01
U2AF1	2.797	2.583e-03	-3.626	0.617	0.382	2.488e-01
TRAF7	1.121	1.311e-01	-0.599	0.605	0.383	2.509e-01
DPF2	0.181	4.284e-01	2.777	0.570	0.385	2.549e-01
KLF7	1.118	1.318e-01	-0.048	0.586	0.386	2.570e-01
TARDBP	0.871	1.920e-01	0.053	0.590	0.388	2.604e-01
PRAME	0.752	2.261e-01	0.551	0.581	0.389	2.618e-01
POLR2H	0.816	2.073e-01	0.689	0.576	0.390	2.639e-01
HDAC6	1.351	8.842e-02	-0.520	0.593	0.391	2.666e-01
BCLAF1	0.605	2.727e-01	0.085	0.596	0.391	2.673e-01
KDM4A	0.665	2.531e-01	0.855	0.575	0.392	2.680e-01
BACH1	0.577	2.818e-01	1.102	0.573	0.392	2.687e-01
ZNF423	0.906	1.825e-01	0.454	0.578	0.393	2.694e-01
ZBTB48	0.437	3.309e-01	0.874	0.582	0.394	2.722e-01
XRN2	3.103	9.584e-04	-2.937	0.607	0.394	2.729e-01
YBX1	0.389	3.485e-01	2.331	0.565	0.394	2.729e-01
NR2F6	0.303	3.810e-01	3.186	0.563	0.395	2.743e-01
CHAMP1	0.528	2.987e-01	1.446	0.570	0.395	2.743e-01
TEAD2	0.478	3.165e-01	1.800	0.567	0.395	2.743e-01
DMC1	0.211	4.163e-01	5.878	0.561	0.397	2.771e-01
C11orf30	0.346	3.645e-01	2.170	0.567	0.399	2.828e-01
ZBTB10	1.274	1.014e-01	-0.978	0.606	0.400	2.842e-01
DEAF1	1.414	7.870e-02	-1.529	0.613	0.401	2.856e-01
THAP1	1.139	1.274e-01	-0.659	0.600	0.401	2.863e-01
BCL6	0.559	2.881e-01	0.145	0.592	0.402	2.885e-01
TFAP4	0.236	4.069e-01	1.564	0.574	0.403	2.899e-01
TCF7L1	0.303	3.810e-01	0.913	0.583	0.403	2.906e-01
PRDM11	0.501	3.081e-01	-0.088	0.601	0.403	2.906e-01
SATB1	-1.078	8.596e-01	1.695	0.605	0.406	2.957e-01
BHLHE40	0.655	2.563e-01	0.110	0.588	0.407	2.978e-01
TRIM28	-1.372	9.150e-01	6.184	0.589	0.407	2.986e-01
KDM4B	1.355	8.764e-02	-0.877	0.598	0.409	3.015e-01
E2F5	0.632	2.637e-01	0.835	0.572	0.409	3.029e-01
RBL2	2.635	4.211e-03	-3.154	0.605	0.410	3.044e-01
CDCA2	0.304	3.805e-01	2.320	0.564	0.410	3.044e-01
NONO	0.438	3.306e-01	1.382	0.569	0.411	3.051e-01
PAX5	0.525	2.997e-01	0.274	0.588	0.411	3.066e-01
BARX2	1.388	8.260e-02	-1.838	0.612	0.412	3.088e-01
GLI4	1.027	1.523e-01	-0.110	0.582	0.413	3.110e-01
ZNF585B	0.309	3.787e-01	2.425	0.562	0.413	3.110e-01
POLR3D	-1.152	8.753e-01	1.757	0.602	0.414	3.117e-01
IRF9	0.345	3.649e-01	2.107	0.564	0.414	3.117e-01
DIDO1	0.897	1.850e-01	0.177	0.577	0.414	3.125e-01
POU2F1	0.373	3.545e-01	1.701	0.567	0.414	3.132e-01
ZNF141	0.263	3.962e-01	2.415	0.563	0.415	3.139e-01
THAP11	0.990	1.611e-01	-0.416	0.593	0.415	3.147e-01
ZNF770	0.224	4.115e-01	2.552	0.561	0.417	3.176e-01
ZNF441	0.578	2.817e-01	0.680	0.574	0.418	3.206e-01
CD74	0.744	2.285e-01	-0.236	0.592	0.418	3.214e-01
RBPJ	0.942	1.731e-01	-0.655	0.600	0.418	3.214e-01
ETV1	0.882	1.888e-01	0.069	0.579	0.419	3.228e-01
ZNF248	0.171	4.319e-01	3.641	0.559	0.421	3.258e-01
TBL1XR1	0.601	2.740e-01	0.126	0.585	0.421	3.266e-01
EGR3	0.418	3.381e-01	1.363	0.568	0.422	3.288e-01
CEBPD	0.193	4.234e-01	0.697	0.587	0.423	3.318e-01
ZNF100	0.738	2.303e-01	0.415	0.574	0.423	3.318e-01
IKZF1	0.578	2.817e-01	0.748	0.571	0.426	3.364e-01
SP3	1.193	1.163e-01	-0.593	0.588	0.426	3.371e-01
FOXP3	1.278	1.006e-01	-0.747	0.592	0.426	3.379e-01
KLF17	0.860	1.949e-01	0.045	0.578	0.427	3.394e-01
SRSF3	1.718	4.291e-02	-2.901	0.605	0.427	3.394e-01
H2AFX	-0.848	8.018e-01	1.316	0.602	0.428	3.409e-01
ZNF468	0.556	2.892e-01	0.643	0.573	0.429	3.439e-01
TERC	0.157	4.375e-01	2.643	0.560	0.430	3.447e-01
BCL11A	-0.194	5.769e-01	-0.066	0.624	0.430	3.462e-01
ZNF280A	0.102	4.594e-01	4.365	0.557	0.431	3.470e-01
HMGN1	1.169	1.213e-01	-1.317	0.602	0.431	3.477e-01
DNMT1	0.402	3.437e-01	0.524	0.581	0.432	3.500e-01
ZNF304	0.196	4.224e-01	2.385	0.560	0.433	3.516e-01
ZNF354C	0.317	3.756e-01	1.567	0.565	0.434	3.539e-01
LMO2	0.446	3.277e-01	0.848	0.571	0.434	3.539e-01
CLOCK	0.126	4.497e-01	2.043	0.567	0.434	3.539e-01
LMO1	0.496	3.099e-01	0.776	0.571	0.434	3.546e-01
POLR2AphosphoS5	0.547	2.924e-01	0.245	0.580	0.435	3.562e-01
ARNT2	1.022	1.533e-01	-0.689	0.594	0.437	3.615e-01
RB1	1.232	1.089e-01	-1.782	0.603	0.441	3.685e-01
SMARCB1	0.468	3.197e-01	-0.071	0.591	0.441	3.685e-01
SF1	0.245	4.031e-01	1.775	0.562	0.441	3.685e-01
ZSCAN22	1.717	4.303e-02	-2.550	0.599	0.442	3.708e-01
GTF2F1	1.031	1.513e-01	-2.378	0.617	0.443	3.724e-01
ZNF430	0.298	3.827e-01	1.517	0.564	0.444	3.755e-01
MKL1	0.904	1.829e-01	-0.509	0.588	0.445	3.778e-01
ZSCAN5A	1.125	1.302e-01	-0.611	0.585	0.445	3.786e-01
SOX9	1.020	1.538e-01	-1.165	0.600	0.448	3.841e-01
ESRRA	0.201	4.202e-01	0.432	0.585	0.448	3.848e-01
HOXA6	0.907	1.821e-01	-0.572	0.588	0.448	3.848e-01
BPTF	0.778	2.182e-01	-0.294	0.582	0.449	3.864e-01
CRY1	0.162	4.357e-01	2.269	0.559	0.449	3.864e-01
ZNF18	0.730	2.327e-01	-0.625	0.596	0.451	3.903e-01
FOXM1	0.767	2.216e-01	-1.836	0.617	0.452	3.927e-01
IKZF2	0.406	3.424e-01	0.935	0.567	0.452	3.927e-01
RXRG	0.719	2.359e-01	-0.075	0.578	0.453	3.951e-01
CDK6	1.027	1.521e-01	-0.946	0.595	0.456	4.014e-01
SPI1	-1.492	9.321e-01	0.325	0.631	0.457	4.029e-01
WDHD1	0.599	2.746e-01	0.327	0.570	0.457	4.037e-01
SUZ12	-0.446	6.722e-01	0.427	0.602	0.457	4.045e-01
ASCL1	-0.449	6.731e-01	1.773	0.575	0.458	4.061e-01
PARP1	-0.056	5.224e-01	6.833	0.551	0.458	4.061e-01
JMJD1C	0.143	4.430e-01	0.487	0.582	0.460	4.109e-01
ZNF260	0.483	3.146e-01	0.500	0.570	0.461	4.132e-01
RELA	0.178	4.294e-01	-0.578	0.612	0.463	4.164e-01
PBX1	0.317	3.757e-01	0.879	0.567	0.464	4.188e-01
NFKB1	0.485	3.140e-01	0.339	0.572	0.464	4.204e-01
SIX4	0.240	4.051e-01	1.367	0.562	0.465	4.212e-01
TFAP2A	-0.047	5.186e-01	1.343	0.570	0.466	4.244e-01
RNF2	-0.509	6.945e-01	0.556	0.598	0.468	4.284e-01
RUVBL1	0.977	1.642e-01	-0.889	0.592	0.468	4.284e-01
NPAT	1.037	1.498e-01	-1.322	0.595	0.469	4.300e-01
PSIP1	0.178	4.295e-01	0.513	0.578	0.469	4.308e-01
KLF11	0.826	2.043e-01	-0.305	0.575	0.470	4.324e-01
ZBTB8A	0.775	2.192e-01	-0.227	0.575	0.470	4.332e-01
TRRAP	1.059	1.449e-01	-1.027	0.590	0.471	4.340e-01
ZMIZ1	0.575	2.826e-01	-0.019	0.574	0.471	4.348e-01
WHSC1	0.587	2.786e-01	0.275	0.568	0.472	4.372e-01
ZNF239	0.549	2.916e-01	0.290	0.569	0.472	4.380e-01
MCRS1	1.156	1.239e-01	-2.683	0.601	0.473	4.388e-01
ZNF440	-0.102	5.404e-01	4.143	0.549	0.475	4.444e-01
ZNF506	-0.060	5.240e-01	2.914	0.551	0.476	4.460e-01
TCF12	-0.162	5.642e-01	0.217	0.593	0.476	4.468e-01
TET1	1.020	1.538e-01	-1.375	0.594	0.477	4.476e-01
MYB	0.497	3.094e-01	0.157	0.572	0.478	4.500e-01
BMI1	-1.185	8.820e-01	0.505	0.610	0.478	4.500e-01
KDM6A	0.371	3.553e-01	0.689	0.566	0.478	4.508e-01
IRAK4	1.106	1.343e-01	-2.125	0.598	0.478	4.516e-01
INTS12	0.811	2.086e-01	-0.619	0.584	0.478	4.516e-01
ZNF341	0.803	2.110e-01	-0.301	0.574	0.479	4.524e-01
ZNF778	-0.027	5.108e-01	0.765	0.575	0.480	4.549e-01
SIRT6	0.185	4.268e-01	1.440	0.560	0.480	4.549e-01
ZNF331	-0.107	5.427e-01	3.917	0.549	0.480	4.549e-01
LMTK3	-0.009	5.036e-01	1.233	0.567	0.481	4.565e-01
FOXO3	0.156	4.378e-01	0.297	0.579	0.481	4.581e-01
CHD2	1.025	1.527e-01	-2.025	0.599	0.482	4.605e-01
PRDM12	-0.018	5.074e-01	2.314	0.553	0.484	4.645e-01
CCDC101	0.946	1.721e-01	-1.452	0.595	0.485	4.653e-01
ZFP2	0.568	2.850e-01	-0.239	0.576	0.487	4.710e-01
NCOR2	0.531	2.978e-01	0.180	0.568	0.487	4.718e-01
MED12	0.524	3.003e-01	0.109	0.569	0.488	4.734e-01
RFX2	0.950	1.712e-01	-1.241	0.591	0.489	4.758e-01
CREM	0.119	4.528e-01	0.236	0.580	0.490	4.766e-01
EZH2	-2.122	9.831e-01	0.537	0.614	0.490	4.782e-01
ZNF16	0.349	3.634e-01	0.670	0.564	0.492	4.815e-01
TP53	-1.598	9.450e-01	0.111	0.620	0.492	4.823e-01
ILK	-0.105	5.417e-01	1.794	0.559	0.493	4.847e-01
PPARGC1A	0.362	3.586e-01	0.518	0.566	0.494	4.855e-01
USP49	0.185	4.265e-01	1.087	0.560	0.494	4.871e-01
ZNF766	-0.112	5.446e-01	1.509	0.563	0.495	4.888e-01
HJURP	0.424	3.358e-01	0.189	0.568	0.497	4.928e-01
BIRA	-0.129	5.513e-01	0.837	0.572	0.497	4.936e-01
JUNB	-0.196	5.777e-01	-0.199	0.600	0.498	4.944e-01
ESR1	-9.404	1.000e+00	0.852	0.607	0.499	4.976e-01
ZNF563	-0.034	5.136e-01	1.985	0.552	0.500	5.009e-01
FLI1	-0.772	7.800e-01	-0.509	0.633	0.501	5.025e-01
USF1	0.442	3.292e-01	-0.417	0.582	0.501	5.025e-01
CDK2	-0.565	7.139e-01	4.569	0.553	0.502	5.041e-01
KDM3A	1.143	1.266e-01	-1.730	0.586	0.502	5.049e-01
ZNF780A	-0.072	5.285e-01	2.188	0.551	0.503	5.074e-01
HOXA4	0.699	2.422e-01	-0.645	0.579	0.505	5.114e-01
ETV7	0.481	3.153e-01	-0.059	0.570	0.505	5.122e-01
RYBP	0.318	3.753e-01	-0.135	0.576	0.508	5.187e-01
ZNF808	-0.304	6.195e-01	16.525	0.542	0.508	5.187e-01
ZBTB1	0.639	2.614e-01	-0.338	0.571	0.509	5.195e-01
ZNF610	1.042	1.488e-01	-1.379	0.582	0.510	5.219e-01
ELK3	1.029	1.518e-01	-2.780	0.595	0.510	5.227e-01
ZBTB7B	0.920	1.789e-01	-1.620	0.589	0.510	5.235e-01
ZNF697	-0.383	6.492e-01	1.666	0.563	0.511	5.251e-01
ZNF75D	-0.377	6.467e-01	6.039	0.544	0.511	5.251e-01
CDK12	0.575	2.825e-01	-0.412	0.574	0.512	5.259e-01
NFE2L2	-0.364	6.421e-01	-0.579	0.613	0.512	5.276e-01
GATAD2B	0.434	3.321e-01	-0.074	0.571	0.512	5.276e-01
IRAK1	1.002	1.581e-01	-2.360	0.593	0.512	5.276e-01
BARX1	0.716	2.369e-01	-0.758	0.580	0.512	5.276e-01
ATF3	-0.383	6.493e-01	-0.831	0.628	0.513	5.284e-01
ZNF257	0.208	4.176e-01	0.734	0.561	0.513	5.292e-01
CTBP1	0.141	4.440e-01	0.692	0.564	0.515	5.332e-01
ZBTB26	0.616	2.691e-01	-2.248	0.601	0.515	5.348e-01
ZNF675	-0.198	5.786e-01	2.734	0.546	0.515	5.348e-01
SP140	-0.043	5.170e-01	0.829	0.566	0.516	5.364e-01
MBD1	0.509	3.055e-01	-0.193	0.569	0.518	5.413e-01
ZBTB16	0.202	4.199e-01	0.306	0.567	0.519	5.421e-01
MYNN	0.513	3.040e-01	-0.183	0.568	0.520	5.445e-01
NR2F1	-0.233	5.919e-01	0.932	0.568	0.520	5.445e-01
ZNF682	0.471	3.188e-01	-0.120	0.569	0.520	5.453e-01
GATA2	-5.093	1.000e+00	0.418	0.610	0.521	5.477e-01
DLX1	0.676	2.495e-01	-0.776	0.578	0.522	5.485e-01
PPARD	0.651	2.574e-01	-0.688	0.577	0.522	5.485e-01
ZNF101	0.073	4.709e-01	0.856	0.561	0.522	5.493e-01
ZNF429	-0.182	5.723e-01	2.377	0.546	0.522	5.493e-01
E2F3	0.711	2.386e-01	-0.866	0.580	0.523	5.509e-01
ZNF280D	0.499	3.088e-01	-0.056	0.566	0.524	5.533e-01
CBX3	-0.355	6.386e-01	1.666	0.558	0.524	5.541e-01
ZNF292	0.092	4.634e-01	1.005	0.557	0.525	5.557e-01
ZFP28	-0.210	5.830e-01	2.047	0.550	0.525	5.565e-01
AGO2	0.757	2.246e-01	-1.135	0.582	0.527	5.606e-01
LANA	0.839	2.008e-01	-1.887	0.588	0.527	5.614e-01
PR	-2.966	9.985e-01	0.935	0.592	0.528	5.630e-01
HCFC1R1	-0.038	5.150e-01	1.447	0.552	0.528	5.630e-01
ZNF140	-0.327	6.281e-01	1.839	0.554	0.530	5.670e-01
E2F7	-0.229	5.905e-01	-0.821	0.611	0.530	5.678e-01
ZNF765	-0.194	5.769e-01	2.254	0.546	0.531	5.702e-01
ZNF438	0.129	4.488e-01	0.758	0.559	0.532	5.726e-01
TCF7	-0.497	6.904e-01	0.517	0.578	0.533	5.734e-01
ING5	0.026	4.897e-01	1.085	0.554	0.533	5.734e-01
LDB1	-0.164	5.652e-01	2.005	0.547	0.533	5.734e-01
ZNF519	0.358	3.603e-01	-0.010	0.566	0.534	5.758e-01
IRF1	0.197	4.219e-01	-0.447	0.581	0.535	5.781e-01
SRCAP	-0.385	6.500e-01	3.570	0.539	0.535	5.781e-01
SOX13	0.065	4.740e-01	0.553	0.564	0.536	5.805e-01
GRHL1	0.384	3.503e-01	-0.106	0.567	0.536	5.813e-01
ZNF701	0.133	4.472e-01	0.723	0.558	0.536	5.813e-01
E2F8	0.405	3.426e-01	-0.164	0.568	0.537	5.821e-01
PLRG1	-0.186	5.739e-01	1.541	0.552	0.537	5.837e-01
ZNF71	0.838	2.011e-01	-2.315	0.589	0.538	5.861e-01
HNF4A	-0.594	7.237e-01	1.110	0.567	0.539	5.869e-01
PMEL	0.211	4.163e-01	-1.339	0.599	0.539	5.877e-01
ZBTB6	0.363	3.581e-01	-0.045	0.565	0.540	5.901e-01
FANCD2	-0.476	6.829e-01	4.208	0.536	0.541	5.917e-01
GRHL2	-1.581	9.430e-01	1.574	0.571	0.541	5.925e-01
ZNF479	-0.098	5.392e-01	1.451	0.550	0.542	5.932e-01
ZNF136	-0.509	6.947e-01	5.670	0.535	0.542	5.932e-01
SKI	0.275	3.915e-01	0.113	0.563	0.542	5.932e-01
DPPA2	-0.412	6.599e-01	2.974	0.538	0.543	5.956e-01
ZNF189	0.638	2.618e-01	-0.935	0.577	0.546	6.027e-01
ZNF264	0.507	3.062e-01	-0.586	0.572	0.546	6.035e-01
CHD8	-0.497	6.906e-01	-0.041	0.587	0.548	6.067e-01
CREB3L4	0.256	3.990e-01	0.098	0.563	0.549	6.082e-01
ZNF134	-0.022	5.088e-01	0.978	0.552	0.549	6.098e-01
ASH1L	0.857	1.956e-01	-2.623	0.586	0.550	6.106e-01
ZNF586	-0.567	7.148e-01	6.076	0.532	0.550	6.114e-01
HEXIM1	0.417	3.385e-01	-1.319	0.588	0.553	6.169e-01
APOBEC3B	0.106	4.577e-01	0.582	0.557	0.553	6.176e-01
KLF8	0.693	2.440e-01	-0.886	0.572	0.555	6.223e-01
ZNF823	-0.556	7.110e-01	3.859	0.533	0.555	6.231e-01
ZNF92	-0.339	6.326e-01	2.242	0.541	0.555	6.231e-01
RCOR1	-0.020	5.081e-01	0.004	0.570	0.557	6.270e-01
DACOR1	-0.601	7.262e-01	4.626	0.531	0.557	6.270e-01
TBL1X	0.435	3.317e-01	-0.494	0.569	0.558	6.278e-01
RFX5	0.460	3.229e-01	-1.972	0.593	0.558	6.285e-01
MAF	-0.207	5.819e-01	-0.815	0.600	0.558	6.285e-01
GATAD1	0.509	3.053e-01	-1.519	0.586	0.559	6.301e-01
ZNF781	-0.573	7.168e-01	2.284	0.547	0.559	6.316e-01
FOXP1	-0.426	6.651e-01	-0.335	0.590	0.559	6.316e-01
ZNF512	-0.606	7.278e-01	2.742	0.540	0.560	6.340e-01
NR2F2	-0.492	6.888e-01	0.431	0.571	0.561	6.355e-01
ASXL1	0.730	2.327e-01	-1.927	0.581	0.563	6.386e-01
ZNF17	-0.468	6.801e-01	2.444	0.536	0.563	6.401e-01
BAHD1	-1.082	8.605e-01	3.861	0.543	0.565	6.448e-01
ZBED1	0.267	3.948e-01	-0.203	0.564	0.569	6.524e-01
RUNX2	-0.539	7.052e-01	1.335	0.555	0.569	6.524e-01
REST	-7.646	1.000e+00	-0.160	0.611	0.570	6.539e-01
HNF4G	-1.311	9.050e-01	0.999	0.570	0.570	6.539e-01
MGEA5	0.354	3.615e-01	-0.367	0.566	0.570	6.555e-01
MYBL2	0.055	4.782e-01	0.497	0.556	0.571	6.562e-01
KDM6B	-0.160	5.637e-01	-0.593	0.587	0.571	6.570e-01
FOXG1	0.429	3.340e-01	-0.597	0.568	0.572	6.585e-01
ZNF138	0.127	4.494e-01	0.258	0.558	0.573	6.608e-01
RELB	-0.135	5.538e-01	0.747	0.555	0.574	6.623e-01
DROSHA	0.286	3.874e-01	-1.556	0.590	0.574	6.638e-01
MCM2	-0.617	7.314e-01	2.832	0.530	0.575	6.645e-01
HMBOX1	-0.096	5.384e-01	0.840	0.550	0.576	6.668e-01
ZNF768	0.128	4.491e-01	0.166	0.558	0.578	6.713e-01
IRF5	-0.696	7.568e-01	3.710	0.527	0.578	6.713e-01
TCF7L2	-0.442	6.707e-01	-0.684	0.596	0.579	6.728e-01
TP63	-3.592	9.998e-01	0.902	0.577	0.580	6.758e-01
ZNF680	-1.450	9.264e-01	2.305	0.551	0.580	6.758e-01
ZNF597	0.118	4.532e-01	0.135	0.558	0.583	6.810e-01
ZNF490	-0.823	7.948e-01	5.596	0.523	0.583	6.825e-01
SMARCA4	-0.275	6.085e-01	-1.512	0.605	0.585	6.847e-01
BTAF1	0.027	4.893e-01	0.355	0.554	0.585	6.855e-01
ZNF600	0.229	4.093e-01	-0.135	0.559	0.586	6.884e-01
SRC	-0.238	5.941e-01	0.124	0.566	0.587	6.899e-01
ZNF384	-0.660	7.454e-01	1.084	0.557	0.587	6.899e-01
FOS	-1.959	9.749e-01	-0.455	0.607	0.588	6.921e-01
TTF2	-0.313	6.228e-01	-1.581	0.606	0.589	6.935e-01
MBD3	-0.172	5.685e-01	-0.406	0.576	0.589	6.943e-01
ZC3H8	0.205	4.186e-01	-0.876	0.577	0.591	6.972e-01
NME2	-1.216	8.879e-01	4.856	0.529	0.591	6.972e-01
NR5A2	-0.555	7.107e-01	1.058	0.553	0.591	6.979e-01
ZNF22	-0.847	8.014e-01	4.088	0.522	0.591	6.987e-01
ZNF486	-1.183	8.815e-01	19.500	0.523	0.593	7.016e-01
VDR	-0.135	5.536e-01	-0.595	0.580	0.593	7.030e-01
EGLN2	0.125	4.503e-01	0.013	0.558	0.593	7.030e-01
POU2F2	0.144	4.428e-01	-0.461	0.568	0.595	7.059e-01
SMAD4	-0.394	6.532e-01	0.016	0.569	0.595	7.059e-01
MITF	-0.655	7.439e-01	0.717	0.563	0.595	7.066e-01
ETV5	-0.144	5.572e-01	-0.245	0.569	0.597	7.102e-01
ZNF547	0.241	4.048e-01	-0.655	0.569	0.598	7.124e-01
SMN1	-0.569	7.153e-01	1.922	0.532	0.598	7.124e-01
ZNF528	0.278	3.903e-01	-0.482	0.563	0.599	7.145e-01
ZNF793	-0.859	8.049e-01	2.279	0.537	0.599	7.145e-01
SPDEF	0.318	3.751e-01	-1.033	0.573	0.601	7.174e-01
GTF3C5	0.319	3.750e-01	-1.153	0.574	0.601	7.174e-01
FOXA1	-16.686	1.000e+00	0.014	0.593	0.603	7.223e-01
ETV4	-0.042	5.169e-01	-0.699	0.577	0.604	7.237e-01
SRF	-0.571	7.158e-01	-1.408	0.606	0.605	7.251e-01
EBF1	-0.218	5.863e-01	0.185	0.560	0.605	7.251e-01
YAP1	-2.808	9.975e-01	-0.932	0.622	0.606	7.286e-01
NIPBL	-0.649	7.418e-01	-1.631	0.612	0.608	7.307e-01
ZNF169	-0.567	7.145e-01	1.672	0.533	0.608	7.307e-01
FOSL1	-1.180	8.810e-01	-0.558	0.596	0.608	7.321e-01
ZNF485	-0.940	8.263e-01	2.812	0.518	0.609	7.328e-01
ZNF317	-1.444	9.256e-01	2.546	0.532	0.614	7.425e-01
RBL1	-0.062	5.249e-01	0.224	0.551	0.614	7.425e-01
STAT4	-0.473	6.819e-01	0.564	0.555	0.614	7.431e-01
STAT5A	0.055	4.781e-01	-0.300	0.561	0.614	7.438e-01
NFIL3	-0.316	6.241e-01	0.886	0.541	0.616	7.465e-01
NR3C1	-9.207	1.000e+00	-0.831	0.620	0.616	7.472e-01
HOTAIR	-1.890	9.706e-01	4.481	0.525	0.617	7.479e-01
LYL1	-0.822	7.945e-01	0.426	0.564	0.620	7.540e-01
NFE2L1	-0.788	7.846e-01	1.184	0.547	0.621	7.560e-01
GREB1	-0.797	7.873e-01	0.882	0.553	0.621	7.560e-01
UHRF2	0.309	3.786e-01	-0.790	0.564	0.622	7.580e-01
GLIS1	-0.073	5.290e-01	-0.291	0.562	0.623	7.606e-01
NFKB2	-0.185	5.735e-01	0.299	0.550	0.624	7.619e-01
ZNF467	0.143	4.431e-01	-0.365	0.558	0.625	7.633e-01
KLF16	-0.326	6.279e-01	0.464	0.550	0.625	7.639e-01
ZNF324	0.569	2.848e-01	-2.285	0.570	0.625	7.646e-01
ATF2	-0.994	8.400e-01	-0.841	0.597	0.627	7.665e-01
MAFG	-0.691	7.551e-01	1.478	0.535	0.627	7.672e-01
ZNF788	-0.396	6.538e-01	0.663	0.547	0.628	7.691e-01
ZNF93	-0.185	5.735e-01	0.441	0.546	0.629	7.704e-01
AR	-19.383	1.000e+00	0.158	0.581	0.629	7.717e-01
NFIC	-0.510	6.950e-01	-0.355	0.572	0.630	7.724e-01
ZSCAN23	0.470	3.192e-01	-1.376	0.566	0.630	7.730e-01
TCF4	-2.366	9.910e-01	0.607	0.568	0.630	7.730e-01
NFATC3	0.082	4.672e-01	-0.310	0.556	0.631	7.743e-01
STAT1	-0.082	5.328e-01	-1.362	0.581	0.632	7.769e-01
CTCFL	-0.095	5.379e-01	-0.457	0.565	0.632	7.769e-01
HIRA	-0.627	7.348e-01	0.041	0.565	0.633	7.781e-01
PTPN11	0.558	2.883e-01	-6.581	0.573	0.634	7.794e-01
CBFA2T2	-0.086	5.344e-01	0.029	0.550	0.634	7.794e-01
SMAD1	-1.659	9.514e-01	0.088	0.573	0.635	7.820e-01
ZNF750	-0.448	6.731e-01	0.871	0.537	0.636	7.832e-01
ZNF649	-1.200	8.849e-01	2.444	0.509	0.637	7.857e-01
ZNF618	-0.029	5.115e-01	-0.136	0.552	0.638	7.876e-01
ZNF343	0.494	3.106e-01	-2.699	0.571	0.639	7.882e-01
ZNF792	0.468	3.199e-01	-1.488	0.565	0.639	7.888e-01
ZNF549	-0.510	6.949e-01	0.988	0.535	0.640	7.895e-01
CBX4	0.412	3.401e-01	-1.667	0.568	0.640	7.907e-01
HLF	-1.122	8.690e-01	1.772	0.524	0.643	7.956e-01
FAIRE	-0.531	7.023e-01	-2.053	0.598	0.645	7.980e-01
MEF2C	0.016	4.935e-01	-0.307	0.554	0.645	7.986e-01
SMARCC2	0.313	3.772e-01	-0.937	0.561	0.646	7.999e-01
BCAT1	-0.227	5.897e-01	0.095	0.550	0.646	7.999e-01
CHRM2	-0.621	7.329e-01	-1.305	0.592	0.646	8.011e-01
ZNF26	-0.718	7.636e-01	1.347	0.527	0.648	8.035e-01
ZNF391	0.508	3.058e-01	-3.261	0.570	0.648	8.041e-01
ZFP69B	0.423	3.361e-01	-1.620	0.565	0.649	8.052e-01
BACH2	-0.189	5.751e-01	-0.399	0.562	0.650	8.070e-01
ZNF534	-0.138	5.549e-01	0.027	0.548	0.651	8.082e-01
ZNF623	0.173	4.314e-01	-0.755	0.561	0.651	8.082e-01
ZNF133	-0.834	7.980e-01	1.489	0.522	0.653	8.117e-01
ZNF84	-0.519	6.982e-01	0.780	0.534	0.654	8.140e-01
POLR2M	0.188	4.255e-01	-2.518	0.575	0.655	8.146e-01
JMJD6	-0.608	7.283e-01	-1.724	0.594	0.656	8.163e-01
NR0B1	0.423	3.361e-01	-2.544	0.568	0.657	8.192e-01
EP300	-7.664	1.000e+00	-1.505	0.616	0.658	8.198e-01
HOXA9	-1.036	8.499e-01	0.855	0.544	0.659	8.209e-01
E2F2	0.046	4.815e-01	-0.566	0.555	0.663	8.270e-01
ZNF488	-0.373	6.456e-01	0.241	0.544	0.663	8.281e-01
EMX1	0.184	4.270e-01	-1.411	0.567	0.664	8.298e-01
DNMT3A	0.028	4.889e-01	-1.210	0.568	0.665	8.309e-01
RXRA	-0.626	7.345e-01	-0.660	0.574	0.666	8.325e-01
MBD4	-0.102	5.408e-01	-0.269	0.549	0.666	8.330e-01
ASH2L	-0.439	6.696e-01	0.281	0.542	0.667	8.341e-01
ARRB1	-0.471	6.810e-01	0.320	0.542	0.668	8.347e-01
ARID1A	-1.578	9.427e-01	0.330	0.560	0.668	8.357e-01
ERF	-1.000	8.413e-01	0.573	0.549	0.669	8.363e-01
MAFF	-1.031	8.488e-01	1.013	0.534	0.669	8.363e-01
MYOD1	-0.673	7.497e-01	0.550	0.544	0.669	8.368e-01
MECP2	0.259	3.978e-01	-3.800	0.573	0.670	8.379e-01
ZNF483	0.283	3.885e-01	-1.579	0.563	0.670	8.389e-01
NCAPG2	-0.642	7.396e-01	0.808	0.530	0.670	8.389e-01
CHD4	0.236	4.065e-01	-1.165	0.560	0.671	8.394e-01
MEF2A	-0.464	6.788e-01	-0.726	0.570	0.672	8.410e-01
TLX1	-0.284	6.118e-01	0.057	0.542	0.672	8.410e-01
ZNF641	0.204	4.191e-01	-1.386	0.563	0.672	8.415e-01
SOX11	-1.486	9.313e-01	1.491	0.524	0.672	8.415e-01
TERF1	-0.115	5.456e-01	-0.286	0.549	0.672	8.415e-01
ZNF350	0.187	4.258e-01	-1.096	0.560	0.674	8.441e-01
PRMT5	-0.104	5.415e-01	-0.335	0.549	0.676	8.467e-01
CBX6	0.026	4.897e-01	-1.167	0.566	0.676	8.467e-01
H3F3B	-0.570	7.157e-01	0.629	0.532	0.676	8.467e-01
GATA4	-5.287	1.000e+00	-0.561	0.586	0.677	8.477e-01
SOX4	-0.508	6.942e-01	0.086	0.547	0.677	8.482e-01
PRKDC	-0.433	6.675e-01	-0.551	0.563	0.677	8.487e-01
OVOL3	0.208	4.176e-01	-1.877	0.565	0.678	8.497e-01
FOXA2	-6.739	1.000e+00	-1.117	0.600	0.678	8.502e-01
EED	-0.910	8.187e-01	0.379	0.549	0.678	8.502e-01
MLLT3	0.073	4.708e-01	-0.767	0.556	0.679	8.507e-01
GATA6	-4.618	1.000e+00	-0.023	0.569	0.680	8.527e-01
HIC1	0.155	4.383e-01	-0.968	0.559	0.680	8.527e-01
ZNF382	-1.328	9.079e-01	0.579	0.548	0.680	8.532e-01
JUND	-2.371	9.911e-01	-0.933	0.593	0.681	8.542e-01
ZNF574	0.381	3.516e-01	-3.843	0.567	0.682	8.552e-01
ZNF501	0.326	3.721e-01	-2.602	0.565	0.682	8.557e-01
ZKSCAN5	0.207	4.180e-01	-1.468	0.561	0.684	8.586e-01
ZSCAN16	-0.304	6.193e-01	-1.096	0.569	0.685	8.591e-01
ZNF273	0.158	4.372e-01	-1.163	0.559	0.685	8.596e-01
INSM2	0.242	4.044e-01	-1.990	0.564	0.686	8.600e-01
ZNF182	-0.521	6.987e-01	0.360	0.534	0.686	8.600e-01
ZBTB42	-0.150	5.595e-01	-0.320	0.548	0.686	8.605e-01
CHD7	-1.216	8.880e-01	-1.640	0.593	0.687	8.620e-01
FUS	-0.239	5.944e-01	-0.441	0.553	0.689	8.648e-01
ZNF414	0.305	3.803e-01	-2.750	0.565	0.690	8.657e-01
CEBPG	-1.444	9.257e-01	0.814	0.536	0.691	8.671e-01
ZNF217	-0.692	7.555e-01	0.631	0.528	0.692	8.685e-01
ZIM3	-1.611	9.464e-01	1.203	0.523	0.693	8.694e-01
HNF1A	-1.657	9.513e-01	0.186	0.556	0.694	8.708e-01
EPAS1	-0.330	6.292e-01	-0.064	0.541	0.695	8.717e-01
L3MBTL4	0.193	4.236e-01	-1.582	0.560	0.695	8.717e-01
NEUROD1	-2.067	9.806e-01	-0.371	0.571	0.696	8.731e-01
RUNX3	-0.333	6.303e-01	-0.071	0.541	0.696	8.740e-01
XCL1	0.174	4.309e-01	-1.474	0.560	0.696	8.740e-01
ETV6	-0.666	7.474e-01	0.027	0.548	0.697	8.749e-01
ZXDC	-0.359	6.403e-01	-0.059	0.540	0.698	8.762e-01
AGO1	-0.320	6.254e-01	-0.628	0.558	0.699	8.771e-01
SND1	-0.590	7.223e-01	-0.141	0.550	0.699	8.771e-01
ZNF335	0.110	4.561e-01	-1.443	0.561	0.699	8.775e-01
ZNF605	-0.546	7.074e-01	0.199	0.533	0.699	8.775e-01
GATA3	-9.020	1.000e+00	-0.033	0.567	0.700	8.784e-01
FXR2	-0.307	6.205e-01	-0.191	0.542	0.700	8.788e-01
ZNF554	-0.195	5.771e-01	-0.362	0.546	0.701	8.797e-01
HHEX	-0.802	7.888e-01	0.432	0.533	0.703	8.823e-01
SCRT2	-0.474	6.821e-01	-0.050	0.541	0.703	8.827e-01
ZNF2	-0.225	5.890e-01	-0.584	0.552	0.705	8.844e-01
FOXP2	-0.078	5.312e-01	-2.316	0.569	0.706	8.861e-01
SPIB	-1.639	9.494e-01	0.335	0.549	0.707	8.865e-01
BRD7	0.043	4.829e-01	-1.070	0.555	0.707	8.873e-01
HIF1A	-0.588	7.218e-01	-1.103	0.570	0.707	8.873e-01
SETX	0.233	4.080e-01	-2.955	0.562	0.710	8.906e-01
CHD5	-0.661	7.457e-01	0.301	0.529	0.712	8.922e-01
ZSCAN2	-0.308	6.208e-01	-0.321	0.542	0.714	8.942e-01
C17orf49	0.153	4.393e-01	-2.987	0.564	0.715	8.954e-01
CBX5	-0.755	7.749e-01	-0.354	0.555	0.715	8.954e-01
ZXDB	0.238	4.060e-01	-2.738	0.560	0.715	8.958e-01
BRD9	-0.403	6.564e-01	-0.614	0.555	0.715	8.962e-01
MRE11A	-0.116	5.460e-01	-0.954	0.556	0.715	8.962e-01
AHR	-1.597	9.449e-01	0.601	0.535	0.717	8.978e-01
TERF2	-0.122	5.487e-01	-0.668	0.548	0.718	8.990e-01
NKX2-1	-1.849	9.678e-01	-0.031	0.556	0.719	8.997e-01
MECOM	-0.362	6.413e-01	-0.300	0.540	0.719	9.005e-01
ARID3A	-0.966	8.329e-01	0.117	0.540	0.720	9.013e-01
SOX2	-5.820	1.000e+00	-0.833	0.581	0.721	9.024e-01
TBX21	-0.677	7.507e-01	-0.293	0.549	0.721	9.024e-01
GRIP1	-0.866	8.069e-01	0.052	0.540	0.724	9.050e-01
EHF	-0.299	6.174e-01	-1.376	0.563	0.725	9.061e-01
ZNF692	0.107	4.574e-01	-1.994	0.558	0.725	9.068e-01
ZNF44	-0.104	5.413e-01	-0.846	0.549	0.726	9.072e-01
STAT3	-1.477	9.302e-01	-1.370	0.578	0.728	9.097e-01
TAT	-0.296	6.165e-01	-0.511	0.542	0.729	9.108e-01
POU3F2	0.029	4.885e-01	-1.660	0.555	0.734	9.150e-01
ZNF674	0.040	4.840e-01	-1.753	0.555	0.735	9.164e-01
SFPQ	-1.190	8.830e-01	0.554	0.510	0.736	9.174e-01
LMNB1	-0.872	8.085e-01	0.267	0.521	0.738	9.187e-01
PBX3	-0.969	8.337e-01	-2.095	0.577	0.740	9.207e-01
LIN9	-0.557	7.114e-01	-0.204	0.533	0.740	9.207e-01
ZNF573	-0.553	7.098e-01	-0.275	0.533	0.742	9.227e-01
CCND2	-0.001	5.004e-01	-1.942	0.553	0.748	9.277e-01
WT1	-0.110	5.438e-01	-1.427	0.552	0.750	9.296e-01
CAMTA2	-0.373	6.455e-01	-0.587	0.539	0.750	9.299e-01
SCRT1	-0.828	7.962e-01	-0.387	0.547	0.751	9.302e-01
HDAC3	-1.489	9.318e-01	-0.577	0.558	0.752	9.314e-01
ZNF580	0.063	4.748e-01	-3.129	0.557	0.753	9.320e-01
EBNA3	-0.647	7.411e-01	-0.207	0.529	0.753	9.326e-01
EHMT2	-4.791	1.000e+00	-3.196	0.592	0.755	9.335e-01
CDX2	-2.167	9.849e-01	-0.160	0.550	0.756	9.343e-01
MYF5	-0.191	5.758e-01	-0.963	0.546	0.757	9.358e-01
BATF3	-0.843	8.003e-01	-0.029	0.522	0.758	9.366e-01
FOXO1	-1.527	9.366e-01	-0.468	0.554	0.759	9.369e-01
JUN	-2.952	9.984e-01	-0.699	0.567	0.760	9.375e-01
JARID2	-2.503	9.938e-01	0.005	0.544	0.760	9.380e-01
INTS3	-0.067	5.268e-01	-1.935	0.551	0.761	9.386e-01
ZNF346	0.045	4.822e-01	-4.418	0.556	0.762	9.397e-01
MAFK	-1.756	9.604e-01	-0.576	0.558	0.763	9.400e-01
ZNF671	-0.154	5.611e-01	-1.358	0.547	0.764	9.405e-01
HDAC4	-0.258	6.020e-01	-0.899	0.543	0.764	9.410e-01
GFI1B	-0.596	7.243e-01	-1.435	0.559	0.768	9.437e-01
NOTCH3	-1.193	8.835e-01	0.104	0.510	0.768	9.440e-01
ZNF394	-0.052	5.208e-01	-2.489	0.552	0.769	9.442e-01
SOX10	-1.077	8.592e-01	-0.012	0.513	0.771	9.458e-01
SMAD2	-1.984	9.764e-01	0.237	0.523	0.771	9.463e-01
CHAT	-2.119	9.829e-01	0.467	0.502	0.771	9.463e-01
HOXA2	-0.072	5.288e-01	-2.201	0.550	0.771	9.463e-01
EWSR1	-1.296	9.026e-01	-0.659	0.554	0.772	9.465e-01
EBNA2	-0.491	6.881e-01	-0.637	0.535	0.773	9.473e-01
ZNF518A	-0.026	5.105e-01	-3.378	0.553	0.773	9.475e-01
NANOG	-5.832	1.000e+00	-0.299	0.552	0.774	9.480e-01
IRF4	-1.460	9.279e-01	-0.358	0.544	0.774	9.483e-01
ZNF695	-0.022	5.089e-01	-3.312	0.552	0.776	9.493e-01
ZFP37	-0.030	5.120e-01	-3.382	0.553	0.776	9.497e-01
NEUROG2	-2.030	9.788e-01	-0.211	0.544	0.778	9.505e-01
PRDM10	-0.257	6.013e-01	-1.392	0.546	0.780	9.524e-01
SP7	-0.180	5.713e-01	-1.942	0.548	0.784	9.547e-01
ZNF362	-0.689	7.547e-01	-0.600	0.537	0.785	9.553e-01
ATF7IP	-1.209	8.868e-01	-0.846	0.554	0.786	9.560e-01
MKL2	-0.688	7.541e-01	-1.508	0.557	0.787	9.567e-01
MBOAT4	-0.070	5.280e-01	-3.679	0.551	0.788	9.569e-01
PRDM14	-0.784	7.833e-01	-0.427	0.524	0.788	9.571e-01
BATF	-1.344	9.106e-01	-0.418	0.538	0.790	9.582e-01
SMAD3	-3.220	9.994e-01	-0.648	0.557	0.790	9.582e-01
TP73	-2.253	9.879e-01	-0.201	0.537	0.793	9.601e-01
SS18	-0.449	6.734e-01	-2.405	0.556	0.794	9.609e-01
KDM1B	-1.485	9.312e-01	-0.028	0.499	0.795	9.611e-01
TTF1	-0.945	8.277e-01	-0.479	0.529	0.796	9.617e-01
HMG20A	-0.890	8.133e-01	-0.370	0.520	0.796	9.619e-01
POU5F1	-5.259	1.000e+00	-0.346	0.547	0.797	9.623e-01
DLX2	-1.146	8.740e-01	-0.248	0.511	0.798	9.627e-01
TLE3	-3.464	9.997e-01	0.068	0.519	0.799	9.633e-01
SMARCC1	-2.302	9.893e-01	-1.481	0.567	0.799	9.635e-01
PRMT1	-1.149	8.746e-01	-0.450	0.529	0.799	9.635e-01
ZNF786	-0.132	5.525e-01	-3.047	0.548	0.801	9.645e-01
GLYR1	-0.125	5.496e-01	-5.109	0.548	0.806	9.669e-01
PPARG	-2.896	9.981e-01	-1.357	0.563	0.806	9.673e-01
UBE2I	-0.212	5.841e-01	-2.232	0.545	0.806	9.673e-01
ZNF558	-0.406	6.577e-01	-1.766	0.546	0.807	9.678e-01
ZFAT	-0.945	8.276e-01	-0.468	0.518	0.809	9.686e-01
CEBPB	-8.882	1.000e+00	-0.698	0.557	0.810	9.691e-01
SIX1	-1.221	8.889e-01	-0.873	0.548	0.811	9.694e-01
SMAD2-SMAD3	-1.626	9.480e-01	-0.757	0.548	0.812	9.701e-01
NR1H3	-1.057	8.548e-01	-0.826	0.541	0.812	9.703e-01
WRNIP1	-0.314	6.233e-01	-1.939	0.541	0.813	9.705e-01
NKX3-1	-2.033	9.790e-01	-0.118	0.508	0.815	9.716e-01
PAX6	-1.615	9.468e-01	-1.368	0.557	0.816	9.718e-01
BANF1	-1.504	9.337e-01	-0.496	0.527	0.819	9.733e-01
GPS2	-0.235	5.927e-01	-2.930	0.544	0.820	9.736e-01
FOSL2	-6.789	1.000e+00	-0.854	0.556	0.821	9.742e-01
TEAD4	-3.179	9.993e-01	-0.781	0.550	0.822	9.747e-01
TBX5	-2.954	9.984e-01	-0.175	0.514	0.822	9.748e-01
ATF4	-3.194	9.993e-01	-0.983	0.556	0.825	9.759e-01
PIAS1	-5.594	1.000e+00	-0.119	0.514	0.825	9.759e-01
NR1H2	-0.950	8.290e-01	-1.127	0.542	0.826	9.763e-01
CTCF	-23.640	1.000e+00	-1.358	0.561	0.828	9.769e-01
ZNF664	-0.617	7.315e-01	-1.438	0.538	0.832	9.787e-01
WWTR1	-1.272	8.984e-01	-0.601	0.522	0.833	9.789e-01
TCF21	-1.500	9.332e-01	-0.602	0.527	0.833	9.790e-01
EBNA3C	-1.992	9.768e-01	-0.506	0.526	0.834	9.794e-01
MYOG	-1.862	9.687e-01	-0.363	0.510	0.834	9.794e-01
TSHZ1	-0.518	6.978e-01	-2.958	0.548	0.834	9.795e-01
CBX2	-0.792	7.859e-01	-0.930	0.524	0.838	9.807e-01
MEF2B	-3.068	9.989e-01	-0.517	0.531	0.839	9.811e-01
TRIM22	-1.135	8.718e-01	-0.837	0.525	0.840	9.817e-01
ICE1	-0.466	6.795e-01	-3.171	0.542	0.845	9.834e-01
LHX2	-1.496	9.326e-01	-0.955	0.539	0.846	9.836e-01
RAD21	-8.781	1.000e+00	-1.946	0.563	0.847	9.840e-01
FOXH1	-1.871	9.693e-01	-0.554	0.513	0.849	9.845e-01
RING1	-1.583	9.432e-01	-0.883	0.535	0.850	9.848e-01
PGR	-1.376	9.156e-01	-0.655	0.504	0.852	9.854e-01
DEK	-0.689	7.545e-01	-3.243	0.548	0.852	9.855e-01
HOXB13	-6.528	1.000e+00	-0.399	0.514	0.853	9.858e-01
PITX3	-0.921	8.216e-01	-0.972	0.519	0.855	9.862e-01
SIX2	-3.299	9.995e-01	-0.440	0.506	0.857	9.869e-01
ZNF425	-0.637	7.381e-01	-1.860	0.530	0.858	9.870e-01
EBF3	-2.374	9.912e-01	-0.591	0.518	0.858	9.872e-01
OSR2	-1.034	8.493e-01	-1.722	0.539	0.859	9.874e-01
PROX1	-1.093	8.627e-01	-1.972	0.543	0.860	9.876e-01
SMC1A	-5.792	1.000e+00	-2.741	0.561	0.861	9.879e-01
ERCC3	-0.606	7.277e-01	-2.096	0.531	0.861	9.880e-01
ZNF366	-0.632	7.363e-01	-2.736	0.539	0.861	9.880e-01
ZSCAN20	-0.606	7.277e-01	-2.893	0.538	0.862	9.882e-01
HAND2	-1.540	9.383e-01	-0.659	0.496	0.863	9.884e-01
KMT2B	-0.808	7.904e-01	-1.421	0.523	0.863	9.885e-01
DUX4	-2.752	9.970e-01	-0.590	0.501	0.869	9.899e-01
EOMES	-3.130	9.991e-01	-0.577	0.501	0.871	9.903e-01
CTNNB1	-1.683	9.538e-01	-0.665	0.483	0.871	9.904e-01
CENPT	-1.726	9.578e-01	-0.653	0.467	0.872	9.905e-01
ZNF585A	-0.784	7.835e-01	-1.858	0.524	0.873	9.907e-01
PHOX2B	-1.723	9.575e-01	-0.666	0.471	0.874	9.911e-01
MEIS1	-2.076	9.810e-01	-0.801	0.518	0.875	9.911e-01
NUP98-HOXA9	-1.731	9.583e-01	-0.668	0.452	0.876	9.914e-01
SUMO1	-4.277	1.000e+00	-1.398	0.546	0.877	9.917e-01
DAXX	-1.466	9.286e-01	-0.987	0.515	0.877	9.917e-01
ELF3	-1.131	8.709e-01	-1.530	0.525	0.877	9.917e-01
HNF1B	-1.567	9.415e-01	-0.854	0.494	0.880	9.923e-01
PGBD3	-1.187	8.823e-01	-1.220	0.510	0.881	9.924e-01
STAG1	-5.589	1.000e+00	-1.238	0.540	0.884	9.929e-01
PAX3	-1.633	9.488e-01	-0.869	0.490	0.886	9.933e-01
ICE2	-0.650	7.420e-01	-3.203	0.529	0.886	9.934e-01
TEAD1	-3.197	9.993e-01	-0.742	0.509	0.887	9.935e-01
CENPC	-1.720	9.573e-01	-0.844	0.472	0.887	9.935e-01
ERCC2	-0.820	7.938e-01	-2.162	0.523	0.888	9.937e-01
SSU72	-1.399	9.190e-01	-1.211	0.503	0.891	9.941e-01
PCGF2	-1.744	9.594e-01	-0.974	0.510	0.892	9.944e-01
MAML3	-3.445	9.997e-01	-0.691	0.478	0.893	9.944e-01
ZNF35	-0.763	7.772e-01	-3.066	0.525	0.893	9.945e-01
PRDM6	-1.474	9.298e-01	-1.190	0.499	0.894	9.946e-01
ZBTB2	-1.776	9.621e-01	-1.032	0.507	0.897	9.951e-01
ESCO2	-0.784	7.836e-01	-3.146	0.524	0.898	9.952e-01
PDX1	-1.979	9.761e-01	-1.194	0.508	0.905	9.962e-01
PRDM1	-1.920	9.726e-01	-2.401	0.538	0.907	9.964e-01
SMARCA2	-2.395	9.917e-01	-0.957	0.485	0.907	9.964e-01
HES2	-6.599	1.000e+00	-0.947	0.513	0.908	9.965e-01
DRAP1	-1.124	8.695e-01	-2.111	0.512	0.908	9.965e-01
ZNF800	-1.381	9.163e-01	-2.084	0.519	0.911	9.968e-01
FEZF1	-1.555	9.401e-01	-2.068	0.523	0.914	9.971e-01
OTX2	-6.734	1.000e+00	-1.156	0.517	0.914	9.972e-01
HOXC9	-2.274	9.885e-01	-1.202	0.493	0.915	9.972e-01
KDM3B	-1.460	9.279e-01	-2.981	0.518	0.929	9.984e-01
TEAD1-TEAD4	-1.695	9.550e-01	-2.099	0.480	0.939	9.990e-01
LMNA	-2.239	9.874e-01	-1.999	0.501	0.941	9.991e-01
SMC3	-7.264	1.000e+00	-2.539	0.527	0.944	9.992e-01
ZNF654	-2.282	9.888e-01	-2.036	0.492	0.945	9.993e-01
TOP1	-2.907	9.982e-01	-5.104	0.525	0.950	9.994e-01
