TR	statistic	pvalue	zscore	max_auc	re_rank	irwin_hall_pvalue
AR	19.381	5.546e-84	11.403	0.537	0.012	8.216e-06
HOXB13	6.528	3.334e-11	12.606	0.533	0.017	2.035e-05
MAML3	3.445	2.851e-04	16.405	0.536	0.018	2.459e-05
GATA3	9.024	9.079e-20	9.988	0.526	0.024	6.287e-05
REST	7.641	1.080e-14	10.015	0.529	0.024	6.287e-05
RAD21	8.780	8.169e-19	10.021	0.525	0.025	7.170e-05
DUX4	2.752	2.960e-03	14.006	0.533	0.025	7.170e-05
FOXA1	16.690	7.791e-63	9.498	0.526	0.026	7.802e-05
FOXA2	6.740	7.933e-12	10.910	0.522	0.026	8.132e-05
TLE3	3.465	2.649e-04	12.555	0.523	0.027	9.176e-05
PHOX2B	1.723	4.245e-02	41.481	0.529	0.034	1.736e-04
OTX2	6.734	8.266e-12	9.549	0.520	0.035	1.849e-04
NUP98-HOXA9	1.731	4.171e-02	12.240	0.548	0.036	2.028e-04
CENPT	1.726	4.218e-02	13.986	0.533	0.036	2.154e-04
EHMT2	4.790	8.347e-07	9.328	0.524	0.037	2.284e-04
CTCF	23.637	7.959e-124	7.242	0.521	0.038	2.490e-04
PIAS1	5.594	1.107e-08	9.432	0.520	0.038	2.561e-04
ATF4	3.192	7.055e-04	10.167	0.519	0.040	2.859e-04
LMNA	2.239	1.258e-02	10.361	0.524	0.040	2.859e-04
SMC3	7.264	1.876e-13	7.369	0.521	0.041	3.016e-04
GATA6	4.617	1.943e-06	9.958	0.517	0.041	3.016e-04
EBF3	2.374	8.810e-03	10.952	0.519	0.041	3.179e-04
GATA2	5.094	1.752e-07	10.123	0.511	0.042	3.435e-04
SMC1A	5.791	3.506e-09	6.672	0.525	0.045	4.083e-04
EP300	7.667	8.837e-15	5.004	0.557	0.045	4.182e-04
GATA4	5.286	6.258e-08	9.123	0.513	0.046	4.282e-04
SOX2	5.819	2.960e-09	5.297	0.538	0.047	4.808e-04
NANOG	5.830	2.765e-09	5.146	0.541	0.048	5.030e-04
CHAT	2.116	1.715e-02	26.759	0.507	0.048	5.030e-04
CEBPB	8.886	3.177e-19	5.534	0.523	0.049	5.375e-04
HOXC9	2.274	1.147e-02	11.532	0.509	0.052	6.373e-04
SMARCA2	2.395	8.319e-03	7.298	0.523	0.052	6.506e-04
CDX2	2.166	1.514e-02	5.997	0.540	0.053	6.777e-04
NR3C1	9.208	1.654e-20	5.000	0.520	0.058	8.887e-04
SIX2	3.298	4.874e-04	10.066	0.501	0.059	9.221e-04
NKX3-1	2.033	2.105e-02	9.369	0.511	0.060	9.562e-04
ARID1A	1.578	5.727e-02	9.234	0.525	0.060	9.562e-04
EOMES	3.129	8.783e-04	6.330	0.515	0.061	1.009e-03
TBX5	2.955	1.563e-03	12.334	0.498	0.061	1.027e-03
ATF7IP	1.210	1.132e-01	10.172	0.531	0.061	1.045e-03
TCF4	2.367	8.974e-03	9.837	0.504	0.063	1.120e-03
PAX3	1.632	5.138e-02	10.095	0.510	0.066	1.281e-03
TOP1	2.908	1.819e-03	9.068	0.502	0.068	1.411e-03
TEAD1	3.196	6.957e-04	4.706	0.523	0.069	1.457e-03
ZIM3	1.611	5.354e-02	14.856	0.500	0.070	1.574e-03
PDX1	1.979	2.390e-02	9.079	0.505	0.071	1.623e-03
CENPC	1.720	4.273e-02	5.320	0.528	0.072	1.698e-03
KDM1B	1.486	6.870e-02	18.100	0.501	0.073	1.723e-03
ZNF654	2.282	1.123e-02	6.666	0.509	0.073	1.775e-03
PRDM1	1.920	2.741e-02	7.139	0.510	0.074	1.801e-03
SATB1	1.077	1.407e-01	25.304	0.506	0.079	2.226e-03
MYOG	1.862	3.130e-02	9.366	0.499	0.080	2.287e-03
SUMO1	4.275	9.559e-06	5.626	0.500	0.080	2.318e-03
SMAD1	1.659	4.859e-02	4.788	0.531	0.080	2.318e-03
HNF1A	1.657	4.881e-02	5.646	0.513	0.082	2.478e-03
ESR1	9.415	2.369e-21	3.924	0.509	0.083	2.543e-03
SMAD3	3.220	6.418e-04	3.087	0.527	0.086	2.890e-03
LHX2	1.496	6.734e-02	4.688	0.535	0.087	2.926e-03
TEAD4	3.178	7.412e-04	4.639	0.507	0.087	2.963e-03
TP73	2.253	1.212e-02	6.915	0.498	0.088	3.074e-03
HOTAIR	1.889	2.943e-02	20.961	0.487	0.088	3.112e-03
POU5F1	5.258	7.298e-08	3.891	0.510	0.090	3.227e-03
FOXH1	1.871	3.066e-02	5.480	0.505	0.090	3.266e-03
STAG1	5.589	1.142e-08	3.688	0.510	0.090	3.306e-03
SOX11	1.484	6.891e-02	12.910	0.494	0.091	3.345e-03
PAX6	1.615	5.316e-02	6.466	0.504	0.092	3.466e-03
PR	2.968	1.500e-03	4.896	0.501	0.092	3.507e-03
SPIB	1.639	5.060e-02	4.804	0.515	0.092	3.548e-03
HAND2	1.540	6.174e-02	6.807	0.504	0.093	3.590e-03
CTNNB1	1.683	4.619e-02	4.516	0.517	0.095	3.846e-03
ZBTB2	1.776	3.787e-02	7.750	0.493	0.097	4.160e-03
TRIM28	1.372	8.505e-02	12.259	0.492	0.098	4.300e-03
HNF4G	1.309	9.520e-02	5.467	0.510	0.101	4.638e-03
ZNF317	1.443	7.454e-02	10.817	0.491	0.102	4.738e-03
HNF1B	1.568	5.847e-02	5.105	0.506	0.102	4.738e-03
ZNF649	1.200	1.152e-01	14.783	0.491	0.102	4.738e-03
PPARG	2.892	1.913e-03	3.859	0.505	0.104	4.993e-03
HES2	6.604	1.999e-11	3.028	0.504	0.104	5.098e-03
HDAC3	1.490	6.808e-02	6.690	0.498	0.105	5.151e-03
TEAD1-TEAD4	1.696	4.499e-02	3.560	0.520	0.105	5.151e-03
MAFK	1.756	3.959e-02	5.370	0.497	0.105	5.204e-03
NKX2-1	1.851	3.212e-02	7.633	0.489	0.105	5.204e-03
NEUROD1	2.067	1.935e-02	5.195	0.495	0.107	5.532e-03
MEIS1	2.077	1.890e-02	4.156	0.501	0.109	5.758e-03
RING1	1.583	5.676e-02	8.453	0.490	0.109	5.815e-03
ZNF680	1.449	7.366e-02	9.107	0.492	0.109	5.873e-03
NME2	1.213	1.126e-01	16.661	0.486	0.111	6.108e-03
YAP1	2.807	2.499e-03	2.889	0.508	0.114	6.596e-03
EWSR1	1.294	9.792e-02	3.984	0.518	0.114	6.722e-03
TP63	3.592	1.642e-04	4.527	0.490	0.116	6.979e-03
PRDM6	1.474	7.020e-02	4.719	0.501	0.119	7.512e-03
JUN	2.953	1.574e-03	2.149	0.512	0.119	7.650e-03
MEF2B	3.065	1.089e-03	3.645	0.495	0.119	7.650e-03
AHR	1.599	5.487e-02	5.790	0.490	0.120	7.719e-03
SMARCC1	2.301	1.068e-02	2.767	0.505	0.122	8.072e-03
BAHD1	1.080	1.401e-01	9.701	0.490	0.122	8.216e-03
PCGF2	1.743	4.064e-02	4.368	0.493	0.125	8.810e-03
FOXO1	1.527	6.343e-02	3.182	0.509	0.125	8.810e-03
JUND	2.372	8.854e-03	3.676	0.494	0.125	8.886e-03
ZNF486	1.181	1.188e-01	56.829	0.478	0.125	8.886e-03
SFPQ	1.190	1.169e-01	7.190	0.490	0.127	9.117e-03
ZNF485	0.940	1.735e-01	18.047	0.482	0.129	9.591e-03
FOSL2	6.791	5.582e-12	2.248	0.497	0.129	9.753e-03
EZH2	2.117	1.711e-02	1.739	0.514	0.131	1.016e-02
FOS	1.959	2.506e-02	2.735	0.502	0.132	1.025e-02
EBNA3C	1.993	2.315e-02	2.919	0.499	0.132	1.025e-02
SMAD2	1.982	2.372e-02	4.555	0.487	0.133	1.067e-02
PGR	1.376	8.441e-02	4.421	0.496	0.133	1.067e-02
NOTCH3	1.193	1.165e-01	5.562	0.490	0.134	1.076e-02
BMI1	1.183	1.184e-01	3.198	0.509	0.136	1.138e-02
SMAD2-SMAD3	1.626	5.200e-02	2.752	0.503	0.137	1.165e-02
ZNF800	1.380	8.379e-02	5.954	0.485	0.138	1.174e-02
SSU72	1.399	8.096e-02	3.907	0.497	0.139	1.202e-02
CEBPG	1.445	7.418e-02	5.740	0.482	0.141	1.250e-02
FEZF1	1.554	6.013e-02	5.096	0.483	0.142	1.279e-02
JARID2	2.503	6.152e-03	1.925	0.499	0.142	1.288e-02
ZNF22	0.847	1.986e-01	14.428	0.478	0.142	1.288e-02
SUMO2	1.225	1.104e-01	5.230	0.487	0.143	1.318e-02
PBX3	0.970	1.660e-01	2.616	0.520	0.144	1.348e-02
HOXA9	1.035	1.504e-01	4.964	0.492	0.145	1.358e-02
ZNF490	0.822	2.056e-01	21.125	0.477	0.145	1.358e-02
H2AFX	0.848	1.983e-01	4.712	0.497	0.146	1.409e-02
HLF	1.121	1.311e-01	10.249	0.476	0.146	1.409e-02
MAFF	1.032	1.511e-01	7.237	0.481	0.152	1.582e-02
DAXX	1.465	7.139e-02	4.209	0.486	0.155	1.674e-02
GRHL2	1.581	5.698e-02	3.873	0.485	0.157	1.733e-02
ZNF382	1.328	9.214e-02	7.277	0.474	0.160	1.842e-02
KDM3B	1.462	7.181e-02	3.410	0.488	0.161	1.892e-02
BANF1	1.501	6.664e-02	3.538	0.486	0.162	1.905e-02
SCRT1	0.826	2.045e-01	5.640	0.482	0.162	1.918e-02
ZNF133	0.834	2.023e-01	7.948	0.477	0.162	1.930e-02
TP53	1.597	5.508e-02	1.738	0.499	0.163	1.943e-02
SIX1	1.220	1.112e-01	3.888	0.487	0.163	1.956e-02
ERF	1.001	1.584e-01	4.192	0.489	0.163	1.956e-02
POLR3D	1.152	1.247e-01	3.440	0.490	0.164	1.995e-02
LMNB1	0.872	1.915e-01	5.983	0.479	0.165	2.035e-02
DLX2	1.144	1.263e-01	3.770	0.489	0.166	2.048e-02
CHD7	1.215	1.121e-01	1.558	0.511	0.166	2.061e-02
SOX10	1.076	1.410e-01	4.125	0.487	0.166	2.075e-02
ZNF793	0.857	1.957e-01	8.657	0.475	0.167	2.102e-02
NEUROG2	2.030	2.117e-02	2.789	0.481	0.169	2.184e-02
PITX3	0.921	1.784e-01	4.904	0.481	0.171	2.254e-02
IRF5	0.696	2.432e-01	10.935	0.473	0.173	2.326e-02
FLI1	0.771	2.204e-01	1.571	0.520	0.177	2.490e-02
PGBD3	1.185	1.181e-01	2.695	0.490	0.177	2.490e-02
STAT3	1.477	6.982e-02	1.819	0.491	0.180	2.613e-02
DRAP1	1.124	1.305e-01	2.840	0.488	0.181	2.660e-02
ERCC2	0.820	2.062e-01	5.296	0.477	0.182	2.724e-02
PRMT1	1.149	1.254e-01	3.048	0.483	0.183	2.773e-02
CDK2	0.566	2.859e-01	8.822	0.476	0.184	2.806e-02
ELF3	1.131	1.291e-01	4.155	0.477	0.185	2.839e-02
FOSL1	1.180	1.189e-01	1.608	0.496	0.189	3.025e-02
ZNF26	0.712	2.383e-01	6.104	0.473	0.192	3.183e-02
CBX5	0.756	2.248e-01	2.283	0.494	0.193	3.237e-02
ZNF585A	0.784	2.164e-01	4.810	0.476	0.194	3.273e-02
DACOR1	0.602	2.736e-01	11.328	0.469	0.194	3.310e-02
WWTR1	1.272	1.017e-01	2.198	0.482	0.195	3.347e-02
ZFAT	0.944	1.726e-01	2.930	0.482	0.195	3.347e-02
OSR2	1.033	1.509e-01	4.138	0.474	0.197	3.440e-02
TCF7	0.497	3.097e-01	3.200	0.494	0.198	3.516e-02
ARID3A	0.966	1.670e-01	4.198	0.474	0.198	3.516e-02
TTF1	0.945	1.725e-01	4.812	0.472	0.201	3.632e-02
IRF4	1.461	7.201e-02	2.029	0.480	0.202	3.711e-02
ZNF586	0.565	2.859e-01	12.318	0.467	0.202	3.711e-02
CBX2	0.793	2.140e-01	4.038	0.476	0.203	3.750e-02
ZNF384	0.660	2.545e-01	3.344	0.482	0.204	3.810e-02
ZNF425	0.639	2.615e-01	7.274	0.470	0.204	3.810e-02
ZNF697	0.381	3.514e-01	7.238	0.476	0.205	3.851e-02
ZNF35	0.763	2.227e-01	4.225	0.475	0.205	3.871e-02
EED	0.910	1.813e-01	3.061	0.478	0.205	3.892e-02
MCM2	0.617	2.685e-01	7.351	0.470	0.206	3.953e-02
TCF21	1.499	6.694e-02	2.142	0.475	0.208	4.058e-02
BATF	1.344	8.940e-02	2.113	0.478	0.209	4.100e-02
PRDM14	0.782	2.170e-01	3.860	0.476	0.209	4.121e-02
SPI1	1.492	6.789e-02	1.362	0.482	0.210	4.185e-02
ATF2	0.994	1.600e-01	2.134	0.481	0.211	4.228e-02
ESCO2	0.783	2.168e-01	3.557	0.476	0.212	4.293e-02
RUNX2	0.539	2.950e-01	5.279	0.474	0.212	4.315e-02
GRIP1	0.863	1.941e-01	2.437	0.479	0.213	4.359e-02
ZNF823	0.556	2.890e-01	9.688	0.467	0.213	4.359e-02
ASCL1	0.447	3.275e-01	2.347	0.495	0.216	4.538e-02
CHRM2	0.620	2.676e-01	1.068	0.504	0.216	4.538e-02
NFIC	0.510	3.051e-01	3.009	0.486	0.218	4.652e-02
CHD5	0.660	2.546e-01	4.810	0.471	0.218	4.652e-02
TRIM22	1.135	1.281e-01	1.918	0.478	0.218	4.675e-02
ZNF136	0.504	3.071e-01	10.756	0.465	0.219	4.721e-02
ZNF781	0.572	2.836e-01	5.311	0.470	0.222	4.910e-02
CHD8	0.498	3.093e-01	2.106	0.492	0.222	4.934e-02
PROX1	1.091	1.375e-01	1.662	0.480	0.222	4.934e-02
KMT2B	0.809	2.093e-01	2.504	0.477	0.223	5.006e-02
TTF2	0.313	3.772e-01	1.093	0.521	0.224	5.055e-02
ZSCAN16	0.303	3.809e-01	2.552	0.495	0.224	5.055e-02
HIRA	0.627	2.653e-01	1.591	0.490	0.225	5.128e-02
MITF	0.655	2.563e-01	3.113	0.475	0.226	5.177e-02
ZNF217	0.692	2.445e-01	3.642	0.472	0.226	5.177e-02
HMG20A	0.890	1.867e-01	1.725	0.480	0.228	5.302e-02
BATF3	0.844	1.995e-01	1.891	0.478	0.229	5.378e-02
ZNF549	0.510	3.051e-01	7.757	0.465	0.229	5.378e-02
SUZ12	0.443	3.290e-01	0.817	0.511	0.229	5.403e-02
SMN1	0.567	2.852e-01	5.511	0.467	0.229	5.429e-02
ZNF169	0.567	2.853e-01	5.542	0.467	0.229	5.429e-02
FANCD2	0.476	3.170e-01	9.793	0.464	0.229	5.429e-02
HHEX	0.801	2.117e-01	4.034	0.468	0.230	5.454e-02
ZNF512	0.605	2.726e-01	5.666	0.465	0.230	5.506e-02
NR1H3	1.057	1.453e-01	2.657	0.471	0.234	5.741e-02
MAFG	0.691	2.447e-01	4.993	0.465	0.234	5.794e-02
NR5A2	0.558	2.883e-01	3.014	0.476	0.234	5.794e-02
RNF2	0.507	3.061e-01	1.598	0.491	0.235	5.874e-02
SMAD4	0.393	3.470e-01	1.134	0.503	0.235	5.874e-02
BCL11A	0.194	4.232e-01	0.667	0.531	0.236	5.901e-02
ZNF362	0.689	2.455e-01	4.215	0.466	0.238	6.065e-02
TCF7L2	0.444	3.286e-01	1.095	0.499	0.238	6.092e-02
NCAPG2	0.644	2.599e-01	3.638	0.471	0.239	6.147e-02
LYL1	0.823	2.053e-01	1.666	0.476	0.241	6.287e-02
NR2F2	0.492	3.112e-01	1.956	0.482	0.242	6.344e-02
ZNF573	0.552	2.904e-01	4.840	0.467	0.242	6.344e-02
GFI1B	0.595	2.759e-01	3.011	0.473	0.243	6.486e-02
ZNF605	0.544	2.931e-01	4.692	0.467	0.246	6.719e-02
ZNF17	0.465	3.208e-01	6.449	0.464	0.247	6.748e-02
GREB1	0.799	2.121e-01	2.298	0.471	0.247	6.778e-02
FAIRE	0.531	2.977e-01	-0.141	0.511	0.247	6.808e-02
ERCC3	0.606	2.722e-01	3.388	0.469	0.247	6.808e-02
ZNF808	0.304	3.805e-01	23.890	0.458	0.248	6.897e-02
SRF	0.570	2.842e-01	0.484	0.496	0.249	6.987e-02
NFE2L1	0.788	2.152e-01	3.060	0.466	0.250	7.048e-02
HIF1A	0.587	2.785e-01	2.426	0.474	0.251	7.078e-02
SRCAP	0.384	3.503e-01	7.513	0.461	0.251	7.139e-02
DPPA2	0.413	3.399e-01	7.027	0.462	0.251	7.139e-02
ZNF84	0.520	3.016e-01	4.304	0.466	0.255	7.482e-02
ATF3	0.382	3.512e-01	0.658	0.498	0.256	7.577e-02
NIPBL	0.647	2.587e-01	0.449	0.489	0.257	7.641e-02
ZNF182	0.520	3.015e-01	4.056	0.466	0.258	7.770e-02
ZNF664	0.618	2.683e-01	3.945	0.464	0.259	7.802e-02
SCRT2	0.474	3.179e-01	5.880	0.460	0.259	7.835e-02
STAT4	0.474	3.178e-01	2.590	0.473	0.260	7.868e-02
ZNF75D	0.377	3.532e-01	8.917	0.458	0.262	8.099e-02
NR1H2	0.950	1.710e-01	1.724	0.468	0.263	8.199e-02
H3F3B	0.571	2.842e-01	2.903	0.468	0.263	8.199e-02
ZNF750	0.449	3.266e-01	4.636	0.463	0.268	8.644e-02
ZNF366	0.631	2.639e-01	2.714	0.466	0.268	8.678e-02
MEF2A	0.466	3.207e-01	1.019	0.484	0.269	8.713e-02
MYOD1	0.672	2.508e-01	2.671	0.465	0.269	8.748e-02
DEK	0.689	2.454e-01	1.968	0.468	0.269	8.748e-02
ICE2	0.650	2.580e-01	1.729	0.471	0.270	8.819e-02
HNF4A	0.594	2.763e-01	2.170	0.469	0.272	9.068e-02
RXRA	0.625	2.661e-01	0.543	0.480	0.273	9.140e-02
ZNF92	0.339	3.672e-01	5.619	0.459	0.273	9.140e-02
JMJD6	0.606	2.723e-01	-0.249	0.493	0.274	9.213e-02
MAF	0.207	4.182e-01	0.481	0.498	0.275	9.359e-02
ETV6	0.665	2.531e-01	1.376	0.472	0.276	9.432e-02
SMARCA4	0.274	3.921e-01	-0.482	0.511	0.278	9.693e-02
CBX3	0.354	3.618e-01	2.881	0.469	0.279	9.768e-02
TCF12	0.162	4.357e-01	0.726	0.494	0.280	9.844e-02
EBNA3	0.647	2.588e-01	1.380	0.471	0.280	9.882e-02
SND1	0.592	2.771e-01	0.925	0.474	0.283	1.019e-01
FOXP1	0.427	3.345e-01	0.748	0.481	0.284	1.031e-01
MKL2	0.687	2.459e-01	0.576	0.473	0.287	1.058e-01
ZNF788	0.394	3.468e-01	3.415	0.461	0.289	1.090e-01
DDX5	-0.051	5.202e-01	1.812	0.486	0.290	1.099e-01
NR2F1	0.234	4.075e-01	1.897	0.473	0.292	1.123e-01
LIN9	0.558	2.884e-01	1.696	0.467	0.292	1.123e-01
TAL1	-0.078	5.310e-01	1.771	0.487	0.293	1.127e-01
ZSCAN20	0.605	2.726e-01	2.005	0.463	0.293	1.127e-01
SS18	0.450	3.265e-01	1.214	0.473	0.293	1.136e-01
CEBPA	-0.155	5.617e-01	0.289	0.518	0.294	1.148e-01
ZNF766	0.113	4.552e-01	2.237	0.474	0.294	1.148e-01
TBX21	0.679	2.487e-01	0.941	0.468	0.295	1.161e-01
JUNB	0.196	4.225e-01	0.355	0.487	0.300	1.217e-01
SRC	0.239	4.055e-01	1.676	0.472	0.301	1.221e-01
ARRB1	0.471	3.186e-01	2.581	0.461	0.302	1.239e-01
ZNF140	0.323	3.735e-01	3.104	0.460	0.303	1.248e-01
TSHZ1	0.517	3.026e-01	1.185	0.469	0.303	1.252e-01
NFE2L2	0.365	3.577e-01	0.157	0.481	0.304	1.266e-01
SNAI2	-0.134	5.532e-01	1.756	0.482	0.305	1.279e-01
SOX4	0.508	3.058e-01	1.469	0.465	0.312	1.372e-01
KLF16	0.326	3.722e-01	2.438	0.461	0.312	1.372e-01
NFIL3	0.316	3.761e-01	2.951	0.459	0.313	1.377e-01
BRD9	0.402	3.437e-01	1.137	0.469	0.314	1.391e-01
CTCFL	0.095	4.623e-01	-0.183	0.495	0.315	1.400e-01
ASH2L	0.439	3.304e-01	2.245	0.459	0.316	1.415e-01
EBNA2	0.491	3.116e-01	1.166	0.465	0.321	1.484e-01
ZXDC	0.361	3.592e-01	2.062	0.460	0.321	1.494e-01
ZNF675	0.198	4.217e-01	3.980	0.454	0.321	1.494e-01
ZNF429	0.181	4.282e-01	4.357	0.454	0.323	1.514e-01
PRKDC	0.433	3.324e-01	1.027	0.466	0.325	1.544e-01
ETV4	0.043	4.830e-01	-0.504	0.496	0.327	1.575e-01
ZNF558	0.404	3.429e-01	1.421	0.461	0.331	1.633e-01
PARP1	0.054	4.784e-01	7.409	0.449	0.332	1.644e-01
ZNF765	0.194	4.231e-01	3.317	0.454	0.333	1.660e-01
KDM1A	-0.303	6.190e-01	0.609	0.495	0.333	1.665e-01
ZNF488	0.371	3.554e-01	1.830	0.458	0.335	1.687e-01
MECOM	0.361	3.589e-01	1.437	0.460	0.336	1.709e-01
ZNF440	0.102	4.596e-01	4.903	0.451	0.338	1.736e-01
ZFP28	0.208	4.175e-01	2.748	0.455	0.338	1.736e-01
CAMTA2	0.373	3.545e-01	1.228	0.461	0.338	1.742e-01
ZNF331	0.105	4.582e-01	4.699	0.451	0.339	1.747e-01
FXR2	0.307	3.794e-01	1.680	0.458	0.343	1.809e-01
EPAS1	0.333	3.695e-01	1.361	0.459	0.344	1.838e-01
SMARCE1	-0.195	5.771e-01	2.255	0.469	0.345	1.843e-01
RELA	-0.174	5.691e-01	-0.727	0.498	0.347	1.872e-01
CUX1	-0.220	5.871e-01	0.583	0.484	0.347	1.878e-01
ICE1	0.467	3.203e-01	0.696	0.460	0.347	1.884e-01
LDB1	0.165	4.345e-01	2.902	0.453	0.347	1.884e-01
ILK	0.105	4.583e-01	2.159	0.459	0.349	1.913e-01
ZNF778	0.023	4.907e-01	1.027	0.470	0.350	1.937e-01
RUNX3	0.334	3.693e-01	1.094	0.459	0.350	1.937e-01
EBF1	0.220	4.130e-01	0.689	0.465	0.352	1.955e-01
BIRA	0.128	4.490e-01	1.218	0.464	0.352	1.961e-01
ETV5	0.144	4.429e-01	0.266	0.471	0.353	1.978e-01
TFAP2A	0.048	4.807e-01	1.448	0.465	0.353	1.984e-01
ZSCAN2	0.308	3.790e-01	1.200	0.458	0.354	1.990e-01
ZNF93	0.183	4.273e-01	2.206	0.454	0.355	2.015e-01
PLRG1	0.179	4.291e-01	1.943	0.455	0.356	2.021e-01
E2F7	0.230	4.091e-01	-0.372	0.472	0.357	2.051e-01
BRDU	-0.267	6.053e-01	1.613	0.472	0.359	2.082e-01
ZNF554	0.195	4.229e-01	1.732	0.454	0.361	2.107e-01
GLIS1	0.072	4.714e-01	0.024	0.473	0.362	2.125e-01
AGO1	0.318	3.753e-01	0.538	0.459	0.366	2.201e-01
TSC22D4	-0.319	6.250e-01	1.350	0.474	0.367	2.220e-01
TLX1	0.284	3.882e-01	0.937	0.458	0.367	2.220e-01
KDM6B	0.161	4.361e-01	-0.004	0.468	0.368	2.232e-01
VDR	0.133	4.471e-01	-0.299	0.472	0.369	2.252e-01
EHF	0.299	3.824e-01	-0.099	0.466	0.369	2.258e-01
CEBPD	-0.193	5.766e-01	-0.577	0.487	0.369	2.258e-01
CREM	-0.119	5.473e-01	-0.234	0.478	0.370	2.271e-01
BCAT1	0.227	4.103e-01	1.139	0.455	0.370	2.271e-01
LMTK3	0.009	4.964e-01	1.262	0.461	0.370	2.277e-01
RCOR1	0.021	4.918e-01	0.152	0.471	0.371	2.290e-01
ZNF506	0.060	4.760e-01	3.323	0.449	0.371	2.290e-01
TET2	-0.783	7.832e-01	0.241	0.514	0.372	2.303e-01
TAT	0.296	3.835e-01	0.553	0.458	0.375	2.362e-01
CREBBP	-0.375	6.462e-01	-0.932	0.499	0.375	2.369e-01
SP140	0.041	4.835e-01	0.924	0.462	0.376	2.375e-01
ZNF479	0.098	4.608e-01	2.340	0.450	0.376	2.388e-01
ZNF780A	0.070	4.722e-01	2.833	0.449	0.376	2.388e-01
FUS	0.239	4.057e-01	0.363	0.459	0.379	2.428e-01
ZNF2	0.225	4.108e-01	0.603	0.458	0.379	2.435e-01
PRDM10	0.257	3.985e-01	0.830	0.454	0.381	2.482e-01
MBD3	0.172	4.318e-01	0.036	0.463	0.384	2.529e-01
SETDB1	-0.988	8.383e-01	-0.284	0.542	0.388	2.597e-01
FOXO3	-0.157	5.624e-01	-0.910	0.479	0.388	2.604e-01
NFKB2	0.186	4.261e-01	0.864	0.453	0.389	2.625e-01
HDAC4	0.259	3.977e-01	0.161	0.457	0.390	2.639e-01
DPF2	-0.180	5.715e-01	1.732	0.458	0.391	2.673e-01
BACH2	0.190	4.246e-01	-0.035	0.460	0.393	2.694e-01
WRNIP1	0.314	3.767e-01	-0.240	0.459	0.393	2.701e-01
RELB	0.137	4.455e-01	1.100	0.452	0.394	2.722e-01
STAT1	0.082	4.675e-01	-1.077	0.472	0.394	2.722e-01
TCF7L1	-0.303	6.189e-01	0.109	0.474	0.395	2.736e-01
ZNF534	0.138	4.451e-01	1.036	0.452	0.395	2.750e-01
ZNF563	0.034	4.866e-01	2.219	0.448	0.398	2.792e-01
HMBOX1	0.097	4.615e-01	1.515	0.450	0.398	2.806e-01
ZBTB42	0.150	4.405e-01	0.799	0.452	0.399	2.821e-01
TFAP4	-0.236	5.931e-01	0.062	0.472	0.400	2.842e-01
PRDM12	0.014	4.944e-01	2.391	0.447	0.400	2.842e-01
CLOCK	-0.126	5.503e-01	1.383	0.454	0.402	2.870e-01
ZNF671	0.153	4.391e-01	0.629	0.453	0.402	2.885e-01
JMJD1C	-0.144	5.571e-01	0.089	0.466	0.403	2.899e-01
ESRRA	-0.201	5.797e-01	-1.270	0.479	0.403	2.906e-01
MYF5	0.190	4.246e-01	0.229	0.454	0.404	2.921e-01
ZBTB48	-0.438	6.692e-01	0.325	0.474	0.405	2.935e-01
ZNF280A	-0.103	5.409e-01	3.749	0.443	0.407	2.978e-01
GATA1	-0.391	6.520e-01	1.773	0.460	0.407	2.978e-01
IRF1	-0.197	5.783e-01	-0.828	0.474	0.407	2.978e-01
REPIN1	-0.188	5.746e-01	0.390	0.463	0.413	3.095e-01
MBD4	0.102	4.594e-01	0.814	0.451	0.413	3.095e-01
HCFC1R1	0.038	4.848e-01	1.565	0.448	0.413	3.103e-01
LMO2	-0.445	6.720e-01	-0.027	0.475	0.414	3.117e-01
FOXP2	0.078	4.688e-01	-1.625	0.467	0.417	3.176e-01
UBE2I	0.213	4.157e-01	-0.434	0.455	0.417	3.176e-01
MRE11A	0.116	4.539e-01	-0.185	0.456	0.418	3.214e-01
DNMT3A	-0.029	5.117e-01	-1.367	0.468	0.421	3.266e-01
TERC	-0.156	5.622e-01	2.268	0.447	0.421	3.266e-01
ZNF134	0.022	4.914e-01	1.292	0.448	0.424	3.326e-01
ERCC6	-0.337	6.320e-01	-1.648	0.479	0.425	3.356e-01
GPS2	0.234	4.076e-01	-1.054	0.456	0.426	3.364e-01
ZNF44	0.104	4.587e-01	0.282	0.451	0.426	3.379e-01
CBFA2T2	0.086	4.658e-01	0.521	0.450	0.426	3.379e-01
TERF1	0.115	4.542e-01	0.115	0.451	0.427	3.394e-01
PMEL	-0.213	5.842e-01	-2.254	0.477	0.428	3.409e-01
SOX13	-0.065	5.261e-01	0.210	0.454	0.429	3.432e-01
ARNT	-0.527	7.010e-01	-1.991	0.490	0.430	3.454e-01
DMC1	-0.208	5.826e-01	4.299	0.439	0.431	3.470e-01
CTBP1	-0.140	5.555e-01	0.148	0.457	0.431	3.477e-01
RBL1	0.063	4.750e-01	0.540	0.449	0.431	3.477e-01
PSIP1	-0.178	5.705e-01	-0.406	0.462	0.434	3.531e-01
SP7	0.180	4.287e-01	-0.414	0.452	0.434	3.531e-01
RARA	-0.675	7.500e-01	-1.924	0.496	0.434	3.531e-01
PRMT5	0.103	4.591e-01	0.026	0.451	0.434	3.546e-01
ZC3H8	-0.205	5.812e-01	-2.402	0.475	0.434	3.546e-01
TERF2	0.122	4.513e-01	-0.215	0.452	0.436	3.585e-01
BCL6	-0.559	7.119e-01	-0.782	0.477	0.437	3.608e-01
ZNF248	-0.171	5.681e-01	2.757	0.441	0.439	3.654e-01
CBX8	-0.363	6.417e-01	-3.168	0.486	0.441	3.685e-01
DNMT1	-0.403	6.565e-01	-1.741	0.475	0.443	3.724e-01
NCAPG	-0.366	6.430e-01	0.220	0.461	0.443	3.724e-01
ING5	-0.025	5.101e-01	0.852	0.446	0.446	3.809e-01
WT1	0.110	4.562e-01	-0.556	0.451	0.448	3.848e-01
CBX6	-0.027	5.108e-01	-1.347	0.459	0.450	3.888e-01
ZNF101	-0.074	5.295e-01	-0.083	0.451	0.453	3.958e-01
FOXM1	-0.765	7.780e-01	-3.872	0.509	0.457	4.037e-01
ZNF618	0.028	4.886e-01	-0.004	0.448	0.457	4.045e-01
ZFP64	-0.448	6.728e-01	-0.106	0.464	0.458	4.061e-01
MYB	-0.497	6.903e-01	-0.483	0.468	0.458	4.069e-01
CRY1	-0.162	5.645e-01	1.714	0.441	0.459	4.085e-01
ZNF786	0.131	4.480e-01	-1.626	0.452	0.461	4.125e-01
POLR2M	-0.189	5.748e-01	-3.623	0.472	0.464	4.188e-01
NR2F6	-0.303	6.191e-01	1.549	0.445	0.467	4.252e-01
BTAF1	-0.026	5.105e-01	0.154	0.446	0.467	4.252e-01
POU2F2	-0.143	5.567e-01	-0.851	0.453	0.468	4.276e-01
ZNF292	-0.093	5.371e-01	0.666	0.443	0.468	4.276e-01
STAT5A	-0.054	5.217e-01	-0.462	0.450	0.468	4.292e-01
INTS3	0.068	4.731e-01	-0.918	0.449	0.469	4.300e-01
TFAP2C	-0.512	6.957e-01	0.492	0.457	0.469	4.308e-01
GRHL3	-0.578	7.185e-01	0.637	0.458	0.469	4.308e-01
NFIA	-0.385	6.500e-01	0.536	0.452	0.471	4.340e-01
IKZF1	-0.577	7.181e-01	-0.169	0.465	0.472	4.380e-01
PAX5	-0.524	7.000e-01	-0.419	0.464	0.473	4.388e-01
SMARCB1	-0.469	6.803e-01	-2.323	0.472	0.475	4.444e-01
KLF4	-0.914	8.196e-01	-1.005	0.478	0.477	4.484e-01
LARP7	-0.701	7.583e-01	-0.020	0.465	0.479	4.524e-01
NR4A1	-0.512	6.958e-01	-1.067	0.466	0.479	4.532e-01
MEF2C	-0.016	5.065e-01	-0.364	0.446	0.480	4.540e-01
YBX1	-0.394	6.531e-01	1.629	0.444	0.480	4.549e-01
HOXA2	0.072	4.713e-01	-1.776	0.450	0.480	4.557e-01
MYBL2	-0.055	5.219e-01	-0.089	0.444	0.482	4.605e-01
DROSHA	-0.286	6.125e-01	-3.023	0.466	0.485	4.653e-01
GTF2I	-0.939	8.262e-01	0.264	0.466	0.485	4.669e-01
EMX1	-0.186	5.736e-01	-2.169	0.457	0.487	4.702e-01
ZNF304	-0.198	5.786e-01	1.089	0.439	0.487	4.718e-01
APOBEC3B	-0.106	5.423e-01	0.051	0.443	0.488	4.726e-01
MTA2	-0.580	7.190e-01	-0.428	0.461	0.490	4.782e-01
ZNF438	-0.130	5.518e-01	-0.270	0.445	0.490	4.782e-01
ZBTB16	-0.204	5.807e-01	-0.272	0.448	0.492	4.823e-01
RYBP	-0.318	6.248e-01	-0.863	0.453	0.493	4.839e-01
ZNF394	0.053	4.788e-01	-1.980	0.448	0.493	4.847e-01
E2F2	-0.046	5.185e-01	-0.828	0.445	0.495	4.896e-01
ZNF707	-0.539	7.051e-01	0.476	0.450	0.499	4.968e-01
USF1	-0.442	6.708e-01	-3.391	0.470	0.499	4.968e-01
NFE2	-0.766	7.782e-01	-2.127	0.473	0.499	4.976e-01
ZNF597	-0.116	5.463e-01	-0.232	0.442	0.499	4.985e-01
GLYR1	0.123	4.511e-01	-3.708	0.452	0.500	5.001e-01
KDM5B	-0.739	7.700e-01	-2.578	0.474	0.500	5.009e-01
ZNF701	-0.133	5.528e-01	-0.103	0.442	0.501	5.017e-01
ZNF141	-0.265	6.043e-01	1.162	0.437	0.501	5.017e-01
USP49	-0.188	5.746e-01	0.417	0.440	0.501	5.033e-01
MBOAT4	0.071	4.718e-01	-2.895	0.449	0.503	5.074e-01
ZNF138	-0.128	5.508e-01	-0.352	0.442	0.505	5.106e-01
POU3F2	-0.029	5.115e-01	-1.785	0.447	0.505	5.122e-01
CCND2	0.001	4.996e-01	-1.934	0.447	0.505	5.122e-01
CDCA2	-0.303	6.190e-01	1.291	0.436	0.505	5.122e-01
ZNF585B	-0.309	6.214e-01	0.933	0.439	0.506	5.138e-01
BRD7	-0.045	5.179e-01	-1.365	0.445	0.508	5.179e-01
NFATC3	-0.082	5.325e-01	-0.903	0.444	0.508	5.187e-01
SIRT6	-0.185	5.732e-01	0.065	0.440	0.509	5.195e-01
SF1	-0.245	5.969e-01	0.728	0.438	0.509	5.211e-01
SMARCA5	-0.537	7.045e-01	-0.995	0.457	0.510	5.235e-01
ZNF768	-0.131	5.520e-01	-0.527	0.442	0.511	5.243e-01
ZNF335	-0.110	5.438e-01	-2.202	0.448	0.511	5.243e-01
MLLT3	-0.074	5.294e-01	-1.274	0.444	0.514	5.308e-01
ZNF770	-0.225	5.888e-01	0.388	0.439	0.514	5.324e-01
ZNF547	-0.245	5.967e-01	-2.173	0.452	0.515	5.332e-01
ZNF518A	0.026	4.896e-01	-3.108	0.448	0.517	5.380e-01
SIX4	-0.241	5.951e-01	0.431	0.438	0.518	5.397e-01
ZFP37	0.030	4.880e-01	-3.103	0.448	0.518	5.413e-01
ZNF674	-0.039	5.157e-01	-2.127	0.445	0.518	5.413e-01
IRF9	-0.345	6.351e-01	0.468	0.440	0.519	5.421e-01
ZNF695	0.022	4.911e-01	-3.006	0.448	0.520	5.445e-01
RFX5	-0.458	6.767e-01	-4.970	0.469	0.521	5.461e-01
C11orf30	-0.346	6.352e-01	-0.043	0.443	0.522	5.493e-01
SIRT1	-1.147	8.743e-01	0.984	0.455	0.522	5.501e-01
EGLN2	-0.125	5.497e-01	-1.250	0.442	0.523	5.525e-01
RBPJ	-0.942	8.269e-01	-2.785	0.473	0.524	5.533e-01
HEXIM1	-0.415	6.611e-01	-3.251	0.460	0.524	5.533e-01
XBP1	-0.683	7.526e-01	-3.395	0.471	0.524	5.541e-01
ZBTB17	-0.563	7.133e-01	-2.048	0.459	0.524	5.541e-01
RXRG	-0.720	7.642e-01	-1.865	0.461	0.528	5.638e-01
POLR2AphosphoS5	-0.547	7.076e-01	-1.383	0.454	0.528	5.638e-01
ZBED1	-0.266	6.047e-01	-0.870	0.444	0.529	5.646e-01
NOTCH1	-1.285	9.006e-01	-4.824	0.498	0.529	5.654e-01
CTBP2	-0.618	7.317e-01	-3.843	0.469	0.530	5.662e-01
ZNF467	-0.142	5.564e-01	-1.267	0.442	0.530	5.678e-01
ZNF284	-0.432	6.672e-01	1.543	0.431	0.531	5.694e-01
PBX1	-0.317	6.242e-01	-0.862	0.444	0.531	5.702e-01
ZNF430	-0.308	6.210e-01	0.396	0.436	0.533	5.734e-01
CHD4	-0.238	5.940e-01	-1.862	0.446	0.533	5.742e-01
ZNF354C	-0.321	6.257e-01	0.510	0.435	0.534	5.758e-01
HIC1	-0.157	5.623e-01	-2.097	0.444	0.534	5.766e-01
ZNF692	-0.106	5.423e-01	-2.881	0.446	0.534	5.766e-01
PBX2	-0.641	7.391e-01	-2.129	0.459	0.537	5.821e-01
LEF1	-1.271	8.981e-01	-6.214	0.502	0.538	5.853e-01
PTTG1	-0.531	7.024e-01	0.640	0.439	0.538	5.853e-01
PTRF	-0.540	7.055e-01	0.569	0.440	0.538	5.853e-01
HES1	-0.495	6.899e-01	-1.081	0.449	0.538	5.861e-01
NONO	-0.441	6.703e-01	0.068	0.440	0.539	5.869e-01
ZNF623	-0.176	5.697e-01	-2.500	0.445	0.539	5.877e-01
C17orf49	-0.152	5.606e-01	-4.170	0.450	0.540	5.893e-01
PRDM11	-0.501	6.919e-01	-4.627	0.464	0.542	5.932e-01
DDX20	-0.576	7.177e-01	-0.583	0.448	0.542	5.940e-01
ZNF257	-0.208	5.824e-01	-0.932	0.439	0.544	5.988e-01
ZNF202	-0.702	7.585e-01	-0.854	0.451	0.545	5.996e-01
GTF3C5	-0.320	6.256e-01	-3.311	0.452	0.545	6.004e-01
ZNF580	-0.062	5.249e-01	-3.936	0.447	0.546	6.019e-01
MECP2	-0.258	6.019e-01	-5.535	0.456	0.547	6.051e-01
NFKB1	-0.483	6.853e-01	-0.833	0.445	0.547	6.059e-01
ZFP57	-0.620	7.323e-01	1.568	0.433	0.548	6.067e-01
SPDEF	-0.320	6.256e-01	-2.742	0.448	0.548	6.067e-01
ZNF641	-0.205	5.812e-01	-2.867	0.446	0.548	6.074e-01
BACH1	-0.576	7.176e-01	-1.995	0.452	0.549	6.082e-01
ZNF600	-0.229	5.907e-01	-1.551	0.441	0.549	6.098e-01
POU2F1	-0.376	6.465e-01	0.295	0.433	0.550	6.122e-01
KDM4A	-0.665	7.469e-01	-0.691	0.448	0.550	6.122e-01
ZNF273	-0.158	5.628e-01	-2.256	0.441	0.551	6.145e-01
GATAD2B	-0.434	6.679e-01	-2.613	0.450	0.552	6.153e-01
ZNF16	-0.351	6.371e-01	-0.700	0.439	0.552	6.153e-01
ZNF346	-0.045	5.179e-01	-4.899	0.447	0.552	6.161e-01
STAT5	-0.699	7.577e-01	-1.630	0.453	0.553	6.169e-01
ZNF320	-0.611	7.294e-01	0.788	0.437	0.553	6.176e-01
PKNOX1	-0.407	6.579e-01	-0.159	0.437	0.554	6.192e-01
RFX1	-0.821	7.942e-01	-1.894	0.456	0.554	6.200e-01
OVOL3	-0.210	5.830e-01	-3.769	0.448	0.556	6.239e-01
BCLAF1	-0.603	7.269e-01	-2.696	0.454	0.556	6.254e-01
ZBTB6	-0.363	6.417e-01	-1.820	0.444	0.557	6.270e-01
RUNX1	-2.473	9.933e-01	-1.431	0.480	0.559	6.301e-01
IKZF2	-0.406	6.576e-01	-0.863	0.440	0.560	6.332e-01
KLF15	-1.588	9.438e-01	-6.638	0.503	0.562	6.363e-01
CREB3L4	-0.256	6.010e-01	-1.221	0.437	0.562	6.371e-01
SKI	-0.275	6.083e-01	-1.051	0.437	0.562	6.371e-01
XCL1	-0.173	5.688e-01	-2.843	0.440	0.563	6.401e-01
SSRP1	-1.061	8.556e-01	-0.865	0.453	0.571	6.570e-01
GATAD1	-0.510	6.949e-01	-3.889	0.453	0.571	6.570e-01
KLF5	-1.521	9.359e-01	-3.861	0.478	0.572	6.577e-01
ZNF207	-0.781	7.825e-01	0.000	0.442	0.573	6.615e-01
BHLHE40	-0.654	7.435e-01	-4.395	0.459	0.575	6.653e-01
AFF1	-1.213	8.875e-01	-2.672	0.466	0.575	6.653e-01
MED12	-0.522	6.992e-01	-1.897	0.444	0.576	6.660e-01
ZNF350	-0.187	5.741e-01	-3.290	0.440	0.577	6.691e-01
ZNF287	-0.571	7.160e-01	0.898	0.426	0.578	6.721e-01
ERG	-2.084	9.814e-01	-4.833	0.491	0.581	6.773e-01
POLR3A	-0.632	7.363e-01	-2.121	0.447	0.581	6.773e-01
ZNF264	-0.507	6.940e-01	-5.114	0.453	0.581	6.780e-01
INSM2	-0.242	5.957e-01	-4.286	0.445	0.582	6.788e-01
TEAD2	-0.478	6.838e-01	-0.901	0.437	0.582	6.788e-01
KDM6A	-0.371	6.447e-01	-0.968	0.434	0.582	6.788e-01
TBL1XR1	-0.601	7.261e-01	-2.565	0.448	0.582	6.803e-01
EGR3	-0.418	6.619e-01	-0.492	0.432	0.583	6.810e-01
SMARCC2	-0.314	6.231e-01	-2.466	0.439	0.584	6.832e-01
H2AZ	-1.985	9.764e-01	-6.688	0.498	0.587	6.899e-01
LRWD1	-0.658	7.447e-01	1.286	0.423	0.588	6.913e-01
L3MBTL4	-0.193	5.764e-01	-3.877	0.440	0.589	6.935e-01
CD74	-0.744	7.717e-01	-1.627	0.446	0.590	6.950e-01
ZNF28	-0.489	6.877e-01	-0.145	0.429	0.590	6.950e-01
KDM2B	-2.890	9.981e-01	-3.594	0.487	0.591	6.972e-01
RUNX1T1	-0.920	8.213e-01	-1.166	0.447	0.593	7.030e-01
ZNF519	-0.358	6.397e-01	-1.958	0.434	0.595	7.052e-01
ZKSCAN5	-0.206	5.817e-01	-4.004	0.439	0.596	7.088e-01
MBD1	-0.508	6.944e-01	-2.853	0.443	0.597	7.102e-01
BANP	-0.701	7.585e-01	-1.210	0.441	0.597	7.102e-01
TRIM24	-1.408	9.204e-01	-2.661	0.461	0.598	7.124e-01
UHRF2	-0.310	6.216e-01	-2.734	0.436	0.599	7.131e-01
MYNN	-0.515	6.966e-01	-3.927	0.447	0.599	7.145e-01
MED1	-3.567	9.998e-01	-6.733	0.506	0.600	7.152e-01
NCOR2	-0.529	7.016e-01	-1.111	0.435	0.601	7.174e-01
ZNF8	-0.787	7.844e-01	-1.722	0.444	0.603	7.216e-01
MGEA5	-0.354	6.384e-01	-2.480	0.434	0.603	7.223e-01
GRHL1	-0.386	6.503e-01	-2.022	0.433	0.604	7.237e-01
ZXDB	-0.238	5.940e-01	-5.091	0.441	0.604	7.244e-01
ZNF483	-0.285	6.120e-01	-3.378	0.437	0.605	7.251e-01
ZBTB26	-0.617	7.312e-01	-7.366	0.458	0.606	7.279e-01
GLI2	-1.638	9.493e-01	-6.797	0.481	0.606	7.286e-01
PPARGC1A	-0.364	6.421e-01	-2.827	0.434	0.611	7.383e-01
ZNF175	-0.851	8.025e-01	-0.793	0.438	0.612	7.390e-01
MTA3	-0.882	8.112e-01	-3.146	0.449	0.613	7.404e-01
TARDBP	-0.870	8.079e-01	-2.866	0.448	0.613	7.418e-01
BRD4	-5.011	1.000e+00	-8.091	0.507	0.614	7.425e-01
MBD2	-2.672	9.962e-01	-4.904	0.480	0.615	7.445e-01
CHAMP1	-0.528	7.014e-01	-2.385	0.437	0.615	7.452e-01
HSF1	-1.420	9.222e-01	-7.574	0.475	0.616	7.465e-01
MEF2D	-0.562	7.129e-01	-1.503	0.433	0.617	7.486e-01
RB1	-1.232	8.909e-01	-7.881	0.472	0.619	7.533e-01
LMO1	-0.497	6.903e-01	-1.458	0.429	0.620	7.540e-01
ZNF414	-0.305	6.198e-01	-6.341	0.443	0.620	7.540e-01
TET3	-1.061	8.556e-01	-4.416	0.456	0.620	7.546e-01
CBX1	-0.936	8.255e-01	-7.542	0.461	0.622	7.573e-01
ZNF501	-0.327	6.281e-01	-5.887	0.442	0.622	7.586e-01
SETX	-0.233	5.922e-01	-5.842	0.438	0.624	7.613e-01
ZEB2	-0.738	7.699e-01	-3.709	0.446	0.625	7.633e-01
HDAC2	-1.922	9.727e-01	-5.721	0.474	0.625	7.639e-01
E2F8	-0.405	6.574e-01	-3.000	0.432	0.625	7.639e-01
ZNF48	-0.608	7.284e-01	-0.464	0.425	0.626	7.652e-01
ZNF239	-0.551	7.091e-01	-2.570	0.435	0.627	7.665e-01
HJURP	-0.426	6.650e-01	-2.885	0.432	0.629	7.704e-01
PYGO2	-0.723	7.652e-01	-1.025	0.431	0.631	7.737e-01
ZNF436	-0.694	7.562e-01	-0.087	0.421	0.631	7.743e-01
ZNF528	-0.279	6.098e-01	-5.747	0.437	0.633	7.775e-01
ZNF682	-0.469	6.806e-01	-4.381	0.438	0.633	7.788e-01
ZNF263	-1.293	9.020e-01	-3.559	0.454	0.634	7.794e-01
MAX	-1.883	9.702e-01	-5.816	0.472	0.635	7.820e-01
SP4	-1.165	8.779e-01	-5.065	0.456	0.637	7.857e-01
ZFP2	-0.568	7.151e-01	-4.584	0.441	0.638	7.870e-01
MYH11	-1.745	9.595e-01	-6.780	0.473	0.640	7.895e-01
WDHD1	-0.599	7.254e-01	-2.823	0.433	0.641	7.919e-01
TBL1X	-0.435	6.682e-01	-3.515	0.431	0.641	7.925e-01
FOXG1	-0.430	6.663e-01	-3.610	0.431	0.641	7.925e-01
ZEB1	-0.996	8.403e-01	-5.973	0.452	0.643	7.962e-01
ZFP69B	-0.424	6.642e-01	-5.499	0.437	0.643	7.962e-01
EZH1	-1.245	8.935e-01	-3.313	0.450	0.645	7.986e-01
ZNF260	-0.485	6.863e-01	-3.069	0.429	0.645	7.993e-01
WHSC1	-0.588	7.216e-01	-2.819	0.432	0.645	7.993e-01
ZFX	-2.610	9.955e-01	-7.921	0.480	0.646	7.999e-01
ZMIZ1	-0.576	7.177e-01	-4.282	0.438	0.646	7.999e-01
ETV7	-0.481	6.847e-01	-3.265	0.430	0.646	8.005e-01
ZNF468	-0.556	7.108e-01	-2.315	0.427	0.647	8.017e-01
ZKSCAN1	-0.910	8.187e-01	-3.224	0.442	0.649	8.052e-01
ZNF18	-0.730	7.675e-01	-7.849	0.449	0.652	8.105e-01
AEBP2	-0.767	7.785e-01	-1.521	0.427	0.654	8.129e-01
STAT5B	-1.571	9.419e-01	-2.328	0.449	0.654	8.135e-01
ZNF792	-0.470	6.808e-01	-5.623	0.435	0.657	8.186e-01
ZNF143	-2.764	9.971e-01	-11.137	0.482	0.658	8.198e-01
CHD2	-1.024	8.472e-01	-12.749	0.460	0.658	8.198e-01
LANA	-0.839	7.992e-01	-8.551	0.451	0.658	8.203e-01
ZNF611	-0.641	7.391e-01	-2.027	0.423	0.662	8.265e-01
ZNF274	-1.257	8.956e-01	1.161	0.414	0.662	8.265e-01
KLF11	-0.826	7.956e-01	-4.086	0.439	0.663	8.276e-01
CBX4	-0.412	6.599e-01	-5.946	0.432	0.665	8.303e-01
ZNF280D	-0.501	6.917e-01	-5.771	0.434	0.665	8.314e-01
ZSCAN23	-0.470	6.808e-01	-6.625	0.436	0.666	8.330e-01
E2F5	-0.632	7.363e-01	-4.337	0.434	0.667	8.336e-01
BCOR	-1.175	8.800e-01	-3.326	0.444	0.668	8.357e-01
L3MBTL2	-0.729	7.671e-01	-2.938	0.430	0.669	8.363e-01
NR0B1	-0.424	6.642e-01	-6.332	0.432	0.672	8.405e-01
ZNF324	-0.570	7.156e-01	-8.628	0.442	0.672	8.410e-01
ZNF24	-1.064	8.564e-01	-4.965	0.445	0.672	8.415e-01
TRIM25	-1.799	9.640e-01	-2.860	0.449	0.674	8.446e-01
TRAF7	-1.121	8.688e-01	-5.136	0.446	0.675	8.462e-01
ZNF341	-0.803	7.891e-01	-3.744	0.433	0.677	8.487e-01
ZNF146	-0.885	8.120e-01	-2.847	0.430	0.678	8.492e-01
SP1	-3.342	9.996e-01	-7.577	0.472	0.678	8.497e-01
ZNF100	-0.737	7.694e-01	-3.544	0.430	0.678	8.497e-01
ZFP41	-1.004	8.422e-01	-1.062	0.422	0.679	8.512e-01
CDK8	-1.895	9.709e-01	-6.844	0.463	0.680	8.527e-01
ZMYND8	-1.195	8.839e-01	-3.970	0.444	0.680	8.532e-01
ADNP	-0.793	7.860e-01	-3.069	0.428	0.681	8.542e-01
ETV1	-0.881	8.109e-01	-8.872	0.447	0.682	8.557e-01
CBFB	-2.507	9.939e-01	-7.520	0.467	0.683	8.562e-01
SCML2	-0.845	8.009e-01	-4.005	0.434	0.684	8.581e-01
RAD51	-1.138	8.724e-01	-3.519	0.439	0.686	8.600e-01
CDK12	-0.576	7.176e-01	-4.388	0.426	0.686	8.605e-01
GTF2F1	-1.031	8.488e-01	-15.673	0.455	0.686	8.605e-01
ZNF441	-0.578	7.185e-01	-4.343	0.426	0.687	8.624e-01
ZNF391	-0.508	6.942e-01	-9.740	0.438	0.688	8.629e-01
MYC	-9.239	1.000e+00	-26.487	0.493	0.689	8.653e-01
ZNF318	-1.077	8.593e-01	-2.615	0.431	0.691	8.676e-01
MCM7	-1.304	9.039e-01	-2.362	0.436	0.692	8.680e-01
ZNF574	-0.381	6.484e-01	-10.860	0.433	0.692	8.685e-01
NCOR1	-1.349	9.113e-01	-7.968	0.453	0.693	8.694e-01
BCL3	-3.649	9.999e-01	-6.169	0.465	0.693	8.703e-01
ZBTB40	-1.463	9.283e-01	-5.059	0.447	0.695	8.717e-01
BRCA1	-1.733	9.584e-01	-16.947	0.470	0.695	8.722e-01
ETS2	-1.301	9.033e-01	-5.582	0.446	0.695	8.722e-01
ORC2	-0.600	7.256e-01	-4.919	0.425	0.696	8.740e-01
POLR2H	-0.815	7.925e-01	-3.923	0.428	0.697	8.753e-01
YY1	-5.142	1.000e+00	-20.646	0.482	0.701	8.797e-01
ZNF343	-0.494	6.895e-01	-7.808	0.429	0.701	8.797e-01
MEN1	-0.921	8.215e-01	-3.410	0.427	0.701	8.801e-01
ZBTB8A	-0.775	7.809e-01	-4.775	0.429	0.701	8.801e-01
ZBTB1	-0.639	7.387e-01	-6.717	0.432	0.702	8.806e-01
NFATC1	-1.550	9.395e-01	-9.723	0.456	0.703	8.823e-01
AFF4	-3.747	9.999e-01	-34.384	0.488	0.703	8.827e-01
ZNF589	-0.812	7.917e-01	-5.327	0.431	0.705	8.840e-01
USF2	-1.886	9.704e-01	-6.890	0.455	0.706	8.852e-01
ZMYM3	-1.892	9.708e-01	-1.849	0.437	0.709	8.894e-01
MORC2	-1.506	9.340e-01	-6.554	0.448	0.710	8.902e-01
NELFE	-5.048	1.000e+00	-34.493	0.487	0.711	8.914e-01
MIER1	-0.853	8.032e-01	-4.314	0.425	0.713	8.934e-01
ZNF837	-1.024	8.470e-01	-3.406	0.426	0.714	8.950e-01
GTF2A2	-0.845	8.010e-01	-2.905	0.414	0.715	8.954e-01
ZNF644	-0.878	8.100e-01	-5.671	0.430	0.715	8.954e-01
POLR2A	-36.193	1.000e+00	-56.056	0.488	0.715	8.958e-01
ZNF423	-0.906	8.175e-01	-4.379	0.424	0.720	9.009e-01
ZTA	-1.484	9.310e-01	-0.212	0.409	0.720	9.009e-01
ING2	-0.648	7.415e-01	-5.968	0.423	0.720	9.013e-01
KLF17	-0.860	8.051e-01	-5.481	0.427	0.720	9.016e-01
KLF8	-0.693	7.559e-01	-8.318	0.431	0.722	9.031e-01
CDK7	-1.747	9.597e-01	-6.860	0.450	0.723	9.039e-01
PML	-1.673	9.528e-01	-4.073	0.441	0.723	9.043e-01
MAZ	-1.648	9.503e-01	-6.683	0.447	0.724	9.050e-01
CD59	-0.832	7.974e-01	-3.667	0.415	0.724	9.054e-01
CNOT3	-1.331	9.085e-01	-1.190	0.416	0.725	9.065e-01
BRD3	-2.175	9.852e-01	-19.350	0.465	0.727	9.087e-01
TAZ	-0.872	8.083e-01	-3.594	0.413	0.729	9.101e-01
ZNF121	-1.217	8.883e-01	-4.619	0.433	0.730	9.112e-01
EGR2	-1.482	9.309e-01	-3.586	0.433	0.731	9.126e-01
PPARD	-0.652	7.429e-01	-6.850	0.423	0.732	9.129e-01
ZNF584	-0.939	8.262e-01	-5.888	0.428	0.732	9.129e-01
DLX1	-0.676	7.505e-01	-6.726	0.422	0.732	9.136e-01
E2F6	-2.082	9.813e-01	-8.047	0.451	0.733	9.140e-01
FOXJ2	-0.902	8.164e-01	-6.154	0.425	0.737	9.177e-01
ZNF71	-0.838	7.990e-01	-13.202	0.437	0.737	9.177e-01
WDR5	-2.092	9.818e-01	-7.810	0.450	0.737	9.181e-01
ZNF282	-1.182	8.815e-01	-2.874	0.418	0.739	9.201e-01
CCDC101	-0.946	8.279e-01	-10.329	0.436	0.739	9.204e-01
ZSCAN29	-0.950	8.290e-01	-6.378	0.426	0.744	9.243e-01
BARX1	-0.715	7.628e-01	-7.055	0.420	0.745	9.256e-01
SON	-1.145	8.739e-01	-2.151	0.400	0.747	9.268e-01
SOX9	-1.020	8.461e-01	-11.168	0.436	0.747	9.274e-01
RARG	-1.376	9.156e-01	-3.274	0.423	0.748	9.277e-01
ZNF189	-0.637	7.381e-01	-10.105	0.423	0.748	9.277e-01
ZNF197	-0.909	8.184e-01	-6.816	0.425	0.748	9.280e-01
CREB1	-3.423	9.997e-01	-15.288	0.460	0.750	9.293e-01
DIDO1	-0.896	8.149e-01	-7.058	0.425	0.750	9.299e-01
PTPN11	-0.560	7.123e-01	-16.394	0.427	0.751	9.305e-01
ZNF76	-1.550	9.394e-01	-11.074	0.445	0.752	9.314e-01
KMT2A	-2.133	9.836e-01	-4.682	0.439	0.752	9.317e-01
NCOA1	-1.042	8.513e-01	-6.095	0.423	0.755	9.335e-01
ZBTB7A	-3.897	1.000e+00	-8.899	0.453	0.755	9.337e-01
ZNF610	-1.043	8.515e-01	-9.944	0.433	0.758	9.360e-01
HOXA4	-0.699	7.577e-01	-10.063	0.421	0.758	9.360e-01
E2F3	-0.711	7.616e-01	-9.717	0.420	0.759	9.372e-01
ZKSCAN8	-1.056	8.546e-01	-6.879	0.426	0.760	9.375e-01
FOXK1	-1.551	9.395e-01	-2.437	0.415	0.760	9.377e-01
ZNF83	-1.080	8.600e-01	-10.439	0.434	0.761	9.383e-01
RAC3	-1.056	8.544e-01	-3.906	0.404	0.762	9.391e-01
DPF1	-1.154	8.757e-01	-7.492	0.430	0.763	9.402e-01
GTF3C2	-1.096	8.635e-01	-6.955	0.426	0.764	9.410e-01
PRAME	-0.751	7.737e-01	-9.330	0.419	0.764	9.410e-01
MLLT1	-2.295	9.891e-01	-6.420	0.442	0.765	9.413e-01
ID3	-1.071	8.579e-01	-6.263	0.421	0.766	9.424e-01
SETD1A	-1.124	8.694e-01	-9.364	0.431	0.767	9.432e-01
PRDM2	-1.045	8.519e-01	-6.503	0.420	0.768	9.437e-01
ZBTB33	-3.688	9.999e-01	-18.210	0.458	0.769	9.445e-01
TGIF2	-1.000	8.412e-01	-8.567	0.424	0.769	9.447e-01
CREB3	-1.160	8.770e-01	-4.985	0.416	0.771	9.460e-01
MXI1	-1.568	9.415e-01	-15.108	0.444	0.773	9.470e-01
HDAC1	-3.446	9.997e-01	-14.064	0.453	0.773	9.473e-01
PHIP	-1.740	9.591e-01	-7.035	0.438	0.773	9.475e-01
AGO2	-0.757	7.755e-01	-11.540	0.418	0.774	9.478e-01
GLIS2	-1.181	8.813e-01	-4.958	0.415	0.774	9.478e-01
STAT2	-1.442	9.253e-01	-8.355	0.434	0.774	9.480e-01
INTS12	-0.811	7.913e-01	-9.239	0.416	0.774	9.483e-01
ASXL1	-0.730	7.673e-01	-13.188	0.419	0.776	9.495e-01
EGR1	-2.288	9.889e-01	-12.089	0.447	0.776	9.497e-01
TRRAP	-1.058	8.550e-01	-10.137	0.427	0.777	9.500e-01
CDK9	-3.634	9.999e-01	-10.255	0.449	0.777	9.502e-01
BPTF	-0.778	7.817e-01	-11.631	0.418	0.778	9.507e-01
KLF3	-1.057	8.547e-01	-5.345	0.404	0.778	9.509e-01
ZNF445	-1.628	9.483e-01	-1.119	0.372	0.779	9.517e-01
NBN	-1.709	9.563e-01	-5.398	0.429	0.780	9.521e-01
GLI4	-1.028	8.480e-01	-9.002	0.421	0.782	9.533e-01
TAF7	-1.782	9.626e-01	-13.703	0.444	0.785	9.556e-01
KDM5C	-1.750	9.599e-01	-11.437	0.441	0.786	9.560e-01
XRN2	-3.102	9.990e-01	-26.735	0.454	0.788	9.571e-01
KLF1	-2.350	9.906e-01	-9.405	0.442	0.788	9.571e-01
MKL1	-0.904	8.171e-01	-9.380	0.412	0.789	9.578e-01
PATZ1	-1.458	9.275e-01	-8.203	0.430	0.790	9.584e-01
BRD2	-3.024	9.988e-01	-26.689	0.454	0.790	9.586e-01
MCM3	-1.272	8.983e-01	-5.730	0.413	0.791	9.590e-01
ZNF783	-1.102	8.647e-01	-5.860	0.402	0.792	9.593e-01
EP400	-0.954	8.299e-01	-8.446	0.409	0.792	9.597e-01
SIN3A	-3.112	9.991e-01	-23.050	0.452	0.793	9.601e-01
PCGF1	-1.644	9.499e-01	-5.690	0.423	0.793	9.601e-01
MYCN	-2.532	9.943e-01	-13.633	0.445	0.795	9.611e-01
HLTF	-1.199	8.847e-01	-6.856	0.417	0.795	9.611e-01
ARID5B	-1.083	8.607e-01	-6.220	0.403	0.795	9.611e-01
CSDE1	-1.623	9.477e-01	-5.726	0.421	0.796	9.617e-01
HDGF	-2.162	9.847e-01	-5.234	0.427	0.797	9.621e-01
FOXP3	-1.278	8.993e-01	-6.333	0.415	0.797	9.623e-01
ZNF592	-1.419	9.220e-01	-5.006	0.409	0.797	9.625e-01
FOXK2	-1.785	9.629e-01	-6.084	0.427	0.798	9.627e-01
DNMT3B	-2.690	9.964e-01	-5.391	0.431	0.798	9.631e-01
RAG2	-1.017	8.453e-01	-8.399	0.406	0.799	9.635e-01
ZBTB14	-1.150	8.749e-01	-5.877	0.399	0.800	9.639e-01
E2F1	-7.975	1.000e+00	-26.413	0.453	0.803	9.656e-01
HOXA6	-0.907	8.178e-01	-13.014	0.412	0.804	9.660e-01
ASH1L	-0.860	8.052e-01	-14.771	0.414	0.804	9.662e-01
CCNT2	-0.987	8.383e-01	-10.458	0.407	0.806	9.671e-01
HDAC8	-1.477	9.302e-01	-8.828	0.424	0.810	9.693e-01
NFYB	-1.547	9.391e-01	-8.710	0.425	0.811	9.694e-01
ZSCAN5A	-1.126	8.700e-01	-12.333	0.418	0.811	9.696e-01
HBP1	-1.138	8.725e-01	-12.855	0.420	0.811	9.698e-01
CDC5L	-1.399	9.191e-01	-6.361	0.408	0.812	9.701e-01
KLF7	-1.118	8.683e-01	-13.953	0.420	0.812	9.701e-01
ZBTB7B	-0.920	8.211e-01	-14.599	0.411	0.812	9.703e-01
IRF3	-1.385	9.170e-01	-14.639	0.429	0.813	9.705e-01
COPS2	-1.003	8.421e-01	-12.050	0.407	0.813	9.706e-01
HINFP	-1.335	9.091e-01	-8.844	0.419	0.813	9.708e-01
INTS11	-1.886	9.704e-01	-5.429	0.418	0.814	9.710e-01
REL	-1.448	9.261e-01	-7.507	0.417	0.814	9.710e-01
TBP	-1.975	9.759e-01	-21.252	0.442	0.814	9.711e-01
ZNF740	-1.687	9.542e-01	-8.448	0.427	0.815	9.715e-01
NFRKB	-1.273	8.985e-01	-8.093	0.412	0.815	9.716e-01
ZNF639	-1.953	9.746e-01	-15.352	0.439	0.816	9.720e-01
KDM3A	-1.143	8.736e-01	-13.549	0.419	0.817	9.723e-01
TET1	-1.020	8.462e-01	-12.596	0.406	0.818	9.729e-01
RBBP5	-2.427	9.924e-01	-11.807	0.436	0.819	9.731e-01
SP3	-1.193	8.837e-01	-11.845	0.417	0.820	9.736e-01
ATF1	-2.454	9.929e-01	-16.281	0.440	0.820	9.737e-01
GABP	-1.254	8.951e-01	-13.085	0.421	0.821	9.741e-01
RFX2	-0.950	8.290e-01	-16.410	0.409	0.822	9.747e-01
IRAK1	-1.004	8.424e-01	-14.137	0.407	0.823	9.751e-01
THAP11	-0.989	8.387e-01	-15.243	0.407	0.823	9.751e-01
LEO1	-1.309	9.047e-01	-5.999	0.392	0.824	9.756e-01
ARNT2	-1.022	8.467e-01	-13.954	0.406	0.824	9.756e-01
UBTF	-1.993	9.769e-01	-14.065	0.435	0.826	9.762e-01
RUVBL1	-0.978	8.360e-01	-16.873	0.408	0.826	9.763e-01
CASP8AP2	-1.124	8.695e-01	-10.193	0.400	0.828	9.771e-01
NCAPH2	-1.723	9.576e-01	-4.691	0.397	0.829	9.775e-01
GABPA	-4.402	1.000e+00	-23.623	0.446	0.829	9.776e-01
ZNF687	-1.548	9.392e-01	-6.677	0.402	0.831	9.785e-01
KLF6	-1.083	8.606e-01	-13.009	0.403	0.832	9.786e-01
CHD1	-4.145	1.000e+00	-23.331	0.444	0.836	9.801e-01
ZNF281	-1.225	8.897e-01	-8.691	0.396	0.837	9.806e-01
ETS1	-4.300	1.000e+00	-14.254	0.439	0.839	9.811e-01
KLF9	-2.772	9.972e-01	-11.814	0.432	0.839	9.811e-01
NPAT	-1.037	8.502e-01	-17.529	0.405	0.839	9.812e-01
HMGN3	-1.143	8.735e-01	-12.774	0.400	0.839	9.812e-01
ASCL2	-1.072	8.581e-01	-15.693	0.403	0.840	9.816e-01
MNT	-1.646	9.501e-01	-9.617	0.416	0.840	9.817e-01
ELF1	-2.870	9.979e-01	-28.671	0.443	0.841	9.818e-01
FGFR1	-1.570	9.418e-01	-8.604	0.411	0.841	9.818e-01
SREBF2	-1.159	8.767e-01	-12.032	0.399	0.841	9.818e-01
YBX3	-1.587	9.437e-01	-7.279	0.401	0.843	9.826e-01
CDK6	-1.027	8.479e-01	-22.362	0.405	0.844	9.828e-01
HDAC6	-1.349	9.113e-01	-13.218	0.412	0.844	9.829e-01
ELK3	-1.029	8.482e-01	-21.810	0.405	0.844	9.831e-01
SREBF1	-1.689	9.544e-01	-14.018	0.424	0.846	9.835e-01
MBTD1	-1.073	8.585e-01	-18.206	0.403	0.847	9.839e-01
E2F4	-2.676	9.963e-01	-53.095	0.443	0.848	9.841e-01
KDM4C	-1.193	8.835e-01	-13.499	0.397	0.851	9.851e-01
IRAK4	-1.106	8.657e-01	-18.698	0.402	0.853	9.857e-01
KDM4B	-1.356	9.125e-01	-18.457	0.416	0.853	9.858e-01
FEV	-1.212	8.873e-01	-14.033	0.397	0.857	9.867e-01
HMGN1	-1.169	8.787e-01	-16.407	0.398	0.857	9.869e-01
KAT8	-1.934	9.735e-01	-10.933	0.416	0.860	9.875e-01
ARID2	-1.568	9.416e-01	-17.483	0.418	0.860	9.877e-01
NR2C2	-3.956	1.000e+00	-19.599	0.435	0.862	9.882e-01
HOXA1	-1.195	8.839e-01	-16.813	0.397	0.862	9.883e-01
MAFB	-1.177	8.805e-01	-17.637	0.398	0.863	9.884e-01
BCL11B	-2.955	9.984e-01	-24.158	0.434	0.865	9.888e-01
THAP1	-1.139	8.726e-01	-23.856	0.400	0.865	9.888e-01
SIX5	-2.296	9.892e-01	-19.986	0.429	0.865	9.889e-01
KRAB	-2.438	9.926e-01	-8.539	0.411	0.866	9.892e-01
INO80	-2.628	9.957e-01	-12.341	0.421	0.867	9.894e-01
MXD3	-1.233	8.911e-01	-16.981	0.396	0.868	9.898e-01
FOXD2	-1.282	9.000e-01	-15.654	0.393	0.869	9.899e-01
TAF1	-3.325	9.996e-01	-31.762	0.436	0.873	9.907e-01
VEZF1	-1.496	9.326e-01	-17.645	0.405	0.875	9.911e-01
MCRS1	-1.156	8.762e-01	-28.359	0.399	0.876	9.914e-01
GTF2E2	-1.285	9.006e-01	-18.685	0.393	0.878	9.918e-01
ELL2	-3.273	9.995e-01	-24.443	0.430	0.881	9.925e-01
TFDP1	-2.434	9.925e-01	-17.139	0.420	0.882	9.926e-01
ZBTB10	-1.275	8.988e-01	-24.805	0.394	0.886	9.933e-01
ARNTL	-2.336	9.903e-01	-15.503	0.415	0.886	9.933e-01
CPSF3L	-2.204	9.862e-01	-32.114	0.426	0.889	9.938e-01
HEY1	-1.681	9.536e-01	-17.593	0.402	0.890	9.941e-01
ZSCAN22	-1.717	9.570e-01	-23.340	0.411	0.891	9.941e-01
SUPT5H	-3.618	9.999e-01	-28.607	0.430	0.891	9.942e-01
TDRD3	-1.306	9.042e-01	-25.809	0.392	0.892	9.944e-01
SNAPC1	-1.420	9.222e-01	-20.185	0.387	0.893	9.944e-01
NFAT5	-1.425	9.229e-01	-22.282	0.386	0.895	9.948e-01
SAP30	-2.842	9.978e-01	-23.220	0.421	0.897	9.950e-01
KLF12	-1.503	9.336e-01	-17.948	0.382	0.897	9.950e-01
ZNF75A	-1.412	9.210e-01	-24.703	0.387	0.898	9.952e-01
SP2	-2.469	9.932e-01	-16.548	0.408	0.900	9.956e-01
ATOH1	-1.305	9.040e-01	-32.444	0.392	0.900	9.956e-01
PAF1	-5.060	1.000e+00	-29.355	0.428	0.903	9.959e-01
RBL2	-2.633	9.958e-01	-29.106	0.421	0.904	9.960e-01
MAPK1	-2.152	9.843e-01	-12.238	0.383	0.904	9.960e-01
POLR2B	-1.869	9.692e-01	-25.175	0.407	0.904	9.960e-01
PHF6	-1.669	9.524e-01	-14.707	0.369	0.905	9.961e-01
NRF1	-6.478	1.000e+00	-31.176	0.428	0.905	9.962e-01
OGT	-2.509	9.940e-01	-41.382	0.424	0.906	9.962e-01
NKRF	-1.916	9.723e-01	-19.965	0.399	0.907	9.964e-01
TAF3	-1.496	9.327e-01	-25.797	0.383	0.908	9.965e-01
HCFC1	-2.803	9.975e-01	-36.332	0.424	0.908	9.965e-01
BARX2	-1.388	9.174e-01	-36.019	0.388	0.910	9.967e-01
NFYA	-2.669	9.962e-01	-24.650	0.414	0.911	9.968e-01
RBCK1	-1.434	9.242e-01	-32.513	0.386	0.912	9.970e-01
ZIC2	-1.515	9.351e-01	-28.033	0.382	0.913	9.971e-01
ORC1	-1.490	9.319e-01	-30.822	0.383	0.914	9.971e-01
NFYC	-1.445	9.258e-01	-35.444	0.385	0.916	9.973e-01
KLF10	-1.831	9.664e-01	-27.282	0.399	0.916	9.973e-01
DEAF1	-1.414	9.214e-01	-49.065	0.387	0.916	9.974e-01
KLF13	-1.887	9.704e-01	-23.068	0.392	0.917	9.974e-01
KMT2D	-3.537	9.998e-01	-27.964	0.418	0.918	9.975e-01
ZBTB11	-2.769	9.972e-01	-27.591	0.413	0.919	9.976e-01
SRSF3	-1.722	9.575e-01	-30.695	0.397	0.919	9.976e-01
TCOF1	-1.669	9.524e-01	-22.912	0.369	0.921	9.977e-01
ZNF711	-1.552	9.397e-01	-30.719	0.380	0.921	9.978e-01
ELK1	-3.353	9.996e-01	-31.652	0.417	0.924	9.980e-01
KAT7	-1.629	9.484e-01	-30.154	0.372	0.926	9.982e-01
FXR1	-1.731	9.583e-01	-22.989	0.329	0.926	9.982e-01
ELF2	-1.547	9.391e-01	-41.585	0.380	0.927	9.982e-01
BRD1	-1.656	9.511e-01	-27.732	0.370	0.928	9.983e-01
FAM208A	-2.226	9.870e-01	-20.233	0.380	0.930	9.984e-01
SMAD5	-2.048	9.797e-01	-25.429	0.388	0.930	9.984e-01
TAFII	-1.889	9.706e-01	-37.342	0.398	0.930	9.985e-01
AUTS2	-1.645	9.500e-01	-32.304	0.371	0.931	9.985e-01
GTF2B	-4.216	1.000e+00	-41.186	0.418	0.932	9.986e-01
PHF2	-1.987	9.765e-01	-28.520	0.389	0.932	9.986e-01
GMEB1	-1.613	9.466e-01	-43.633	0.375	0.933	9.987e-01
CSNK2A1	-1.652	9.507e-01	-34.003	0.370	0.935	9.988e-01
ZNF131	-1.649	9.504e-01	-44.826	0.370	0.940	9.990e-01
SPIN1	-1.694	9.548e-01	-35.975	0.364	0.941	9.991e-01
EMSY	-1.646	9.501e-01	-71.841	0.371	0.941	9.991e-01
BRPF3	-2.766	9.972e-01	-23.093	0.381	0.943	9.991e-01
DCP1A	-2.009	9.777e-01	-59.404	0.395	0.943	9.992e-01
PHF8	-5.331	1.000e+00	-40.217	0.411	0.947	9.993e-01
ELK4	-2.856	9.979e-01	-33.760	0.396	0.949	9.994e-01
RBP2	-1.696	9.551e-01	-251.762	0.364	0.950	9.994e-01
KAT5	-2.611	9.955e-01	-41.849	0.388	0.955	9.996e-01
RPE	-2.942	9.984e-01	-34.404	0.389	0.956	9.996e-01
EPC1	-2.336	9.903e-01	-38.489	0.371	0.957	9.996e-01
DDX21	-2.300	9.893e-01	-92.835	0.379	0.960	9.997e-01
U2AF1	-2.798	9.974e-01	-57.292	0.391	0.960	9.997e-01
GMEB2	-2.366	9.910e-01	-159.953	0.372	0.963	9.998e-01
NELFA	-4.937	1.000e+00	-83.314	0.395	0.969	9.999e-01
KDM5A	-3.348	9.996e-01	-52.639	0.374	0.972	9.999e-01
