TR	statistic	pvalue	zscore	max_auc	re_rank	irwin_hall_pvalue
HOXB13	6.511	3.723e-11	12.590	0.600	0.016	1.781e-05
AR	20.841	9.289e-97	11.826	0.588	0.017	2.035e-05
TRIM28	3.618	1.484e-04	17.232	0.591	0.018	2.773e-05
MAML3	3.428	3.042e-04	16.361	0.568	0.025	7.170e-05
FOXA1	17.915	4.490e-72	9.847	0.584	0.026	8.132e-05
ZNF486	2.424	7.666e-03	76.462	0.578	0.028	9.543e-05
TLE3	3.568	1.798e-04	12.740	0.561	0.030	1.239e-04
DUX4	2.920	1.753e-03	14.450	0.563	0.030	1.239e-04
GATA3	9.766	7.876e-23	10.401	0.546	0.032	1.425e-04
EHMT2	5.241	7.964e-08	9.919	0.586	0.032	1.474e-04
REST	7.521	2.725e-14	9.935	0.547	0.035	1.967e-04
PIAS1	6.127	4.473e-10	9.887	0.567	0.035	1.967e-04
ATF4	3.303	4.791e-04	10.360	0.569	0.036	2.154e-04
GATA6	5.168	1.181e-07	10.553	0.543	0.039	2.633e-04
FOXA2	6.377	9.021e-11	10.586	0.522	0.042	3.348e-04
CENPT	1.731	4.175e-02	14.006	0.673	0.043	3.523e-04
ZNF649	1.722	4.249e-02	17.473	0.579	0.045	4.182e-04
GATA4	5.526	1.639e-08	9.343	0.531	0.047	4.593e-04
ZNF586	1.721	4.265e-02	18.684	0.575	0.047	4.699e-04
PHOX2B	1.707	4.393e-02	41.284	0.556	0.048	5.030e-04
GATA2	5.092	1.768e-07	10.122	0.523	0.049	5.143e-04
LMNA	2.306	1.056e-02	10.546	0.562	0.049	5.143e-04
ATF7IP	1.675	4.699e-02	12.290	0.650	0.049	5.143e-04
EBF3	2.385	8.532e-03	10.981	0.543	0.050	5.736e-04
CHAT	2.309	1.047e-02	27.955	0.518	0.050	5.736e-04
OTX2	6.283	1.655e-10	9.191	0.521	0.051	6.113e-04
NUP98-HOXA9	1.722	4.253e-02	12.205	0.579	0.052	6.373e-04
BAHD1	2.671	3.777e-03	14.000	0.513	0.055	7.341e-04
SIX2	3.605	1.558e-04	10.556	0.511	0.059	9.390e-04
CDX2	2.518	5.899e-03	6.497	0.569	0.060	9.736e-04
EP300	6.808	4.965e-12	4.639	0.594	0.062	1.064e-03
CEBPB	7.644	1.054e-14	5.098	0.554	0.063	1.140e-03
HOXC9	2.291	1.098e-02	11.578	0.516	0.064	1.179e-03
NR3C1	8.650	2.585e-18	4.823	0.559	0.065	1.219e-03
KDM1B	1.650	4.944e-02	19.105	0.521	0.065	1.260e-03
NKX3-1	2.106	1.761e-02	9.539	0.530	0.066	1.302e-03
SOX2	5.670	7.149e-09	5.218	0.551	0.066	1.302e-03
SMARCA2	2.334	9.788e-03	7.194	0.543	0.067	1.324e-03
NANOG	6.173	3.346e-10	5.306	0.540	0.068	1.389e-03
ZNF680	2.740	3.068e-03	12.138	0.496	0.068	1.434e-03
NOTCH3	1.728	4.198e-02	6.787	0.595	0.070	1.526e-03
LRWD1	1.730	4.183e-02	6.412	0.662	0.071	1.598e-03
SOX11	2.119	1.705e-02	15.351	0.498	0.072	1.698e-03
ZNF808	1.611	5.357e-02	39.720	0.513	0.073	1.775e-03
ESR1	10.951	3.294e-28	4.175	0.556	0.076	1.964e-03
TCF4	2.517	5.913e-03	10.131	0.497	0.076	1.992e-03
CENPC	1.732	4.167e-02	5.341	0.802	0.079	2.226e-03
TBX5	3.029	1.227e-03	12.490	0.482	0.081	2.349e-03
EWSR1	2.253	1.212e-02	5.704	0.539	0.082	2.445e-03
EOMES	3.107	9.441e-04	6.306	0.512	0.082	2.478e-03
CTCF	17.116	5.610e-66	6.056	0.495	0.083	2.577e-03
RAD21	6.695	1.077e-11	8.600	0.482	0.083	2.577e-03
SMN1	1.655	4.895e-02	8.945	0.522	0.084	2.644e-03
PAX6	1.933	2.664e-02	7.236	0.517	0.084	2.713e-03
ZNF136	1.576	5.751e-02	16.137	0.507	0.085	2.748e-03
PLRG1	2.428	7.588e-03	4.426	0.578	0.085	2.783e-03
TEAD1	3.026	1.239e-03	4.561	0.535	0.087	2.926e-03
ZIM3	1.674	4.705e-02	15.122	0.494	0.088	3.037e-03
PDX1	2.014	2.201e-02	9.169	0.500	0.088	3.112e-03
SATB1	1.103	1.350e-01	25.587	0.530	0.089	3.188e-03
ZFP28	2.279	1.134e-02	6.222	0.513	0.090	3.266e-03
ZNF317	1.829	3.368e-02	11.924	0.485	0.094	3.760e-03
PAX3	1.606	5.419e-02	10.008	0.513	0.094	3.760e-03
SFPQ	1.629	5.170e-02	8.411	0.517	0.094	3.760e-03
HAND2	1.642	5.029e-02	7.053	0.519	0.096	3.934e-03
POU5F1	5.264	7.050e-08	3.893	0.524	0.096	4.024e-03
SPIB	1.834	3.335e-02	5.069	0.537	0.096	4.024e-03
ZNF75D	1.765	3.877e-02	14.221	0.481	0.098	4.253e-03
ZNF274	1.286	9.922e-02	6.684	0.583	0.098	4.253e-03
PR	3.221	6.389e-04	5.065	0.502	0.099	4.347e-03
ARID1A	1.112	1.330e-01	7.920	0.590	0.099	4.347e-03
SUMO2	2.556	5.296e-03	6.691	0.487	0.100	4.443e-03
MYOG	1.920	2.741e-02	9.518	0.487	0.100	4.443e-03
HOTAIR	2.295	1.087e-02	22.730	0.467	0.101	4.589e-03
ZNF382	1.890	2.938e-02	8.695	0.487	0.104	5.098e-03
NEUROD1	2.469	6.768e-03	5.737	0.492	0.105	5.151e-03
TP73	2.335	9.775e-03	7.044	0.485	0.105	5.258e-03
BMI1	2.366	8.987e-03	4.544	0.516	0.106	5.312e-03
PRDM1	1.493	6.778e-02	6.077	0.524	0.106	5.367e-03
SMC3	5.188	1.062e-07	5.953	0.479	0.107	5.532e-03
YAP1	2.937	1.658e-03	2.977	0.545	0.108	5.701e-03
AHR	1.950	2.559e-02	6.359	0.492	0.109	5.873e-03
NME2	1.751	3.994e-02	19.278	0.469	0.109	5.873e-03
ZNF823	1.423	7.731e-02	14.233	0.484	0.110	6.048e-03
LHX2	1.495	6.746e-02	4.686	0.557	0.112	6.349e-03
ERF	1.870	3.071e-02	5.764	0.495	0.113	6.534e-03
FOXH1	1.799	3.599e-02	5.364	0.502	0.114	6.659e-03
TEAD4	2.793	2.607e-03	4.311	0.498	0.114	6.722e-03
ZNF430	1.697	4.482e-02	4.103	0.543	0.115	6.914e-03
ZNF287	1.612	5.352e-02	5.475	0.513	0.115	6.914e-03
SMAD2	2.547	5.435e-03	5.169	0.486	0.116	6.979e-03
YBX1	2.458	6.995e-03	4.184	0.511	0.116	6.979e-03
HNF1A	1.612	5.343e-02	5.573	0.513	0.116	7.044e-03
ZNF573	1.471	7.067e-02	9.091	0.491	0.118	7.309e-03
H3F3B	1.631	5.147e-02	5.017	0.517	0.118	7.376e-03
SMC1A	3.773	8.074e-05	5.032	0.479	0.119	7.650e-03
ZNF248	1.496	6.733e-02	7.057	0.494	0.121	7.929e-03
SMAD3	2.630	4.273e-03	2.745	0.529	0.121	8.000e-03
RING1	1.441	7.486e-02	8.034	0.491	0.122	8.072e-03
ZNF26	1.446	7.415e-02	8.545	0.487	0.122	8.072e-03
HIF1A	1.394	8.170e-02	4.846	0.527	0.123	8.362e-03
HDAC3	1.610	5.368e-02	6.983	0.489	0.123	8.362e-03
H2AFX	1.031	1.513e-01	5.079	0.605	0.124	8.584e-03
STAG1	3.960	3.741e-05	2.971	0.511	0.124	8.659e-03
CBX3	1.422	7.746e-02	4.715	0.521	0.127	9.273e-03
SMAD1	1.420	7.784e-02	4.450	0.526	0.128	9.352e-03
POU2F1	1.647	4.975e-02	4.094	0.520	0.128	9.352e-03
ZNF169	1.425	7.706e-02	8.472	0.484	0.128	9.352e-03
HNF4G	1.345	8.928e-02	5.528	0.513	0.128	9.511e-03
TOP1	2.446	7.220e-03	7.943	0.462	0.130	9.834e-03
ZNF485	1.300	9.688e-02	20.957	0.471	0.131	1.016e-02
EBNA3C	2.496	6.272e-03	3.352	0.498	0.133	1.067e-02
HES2	6.145	3.996e-10	2.890	0.491	0.134	1.094e-02
ZNF17	1.353	8.796e-02	10.261	0.476	0.134	1.094e-02
GRIP1	1.906	2.831e-02	3.876	0.501	0.136	1.120e-02
ZNF605	1.400	8.083e-02	8.215	0.482	0.136	1.129e-02
SIX1	1.647	4.978e-02	4.720	0.494	0.137	1.156e-02
EZH2	2.467	6.819e-03	1.838	0.545	0.138	1.174e-02
HNF1B	1.506	6.609e-02	4.987	0.495	0.139	1.212e-02
TEAD1-TEAD4	1.638	5.074e-02	3.463	0.518	0.139	1.221e-02
MEF2B	3.372	3.733e-04	3.853	0.480	0.140	1.230e-02
ZNF675	1.380	8.380e-02	7.698	0.479	0.141	1.250e-02
TP63	3.926	4.311e-05	4.696	0.465	0.142	1.279e-02
PARP1	1.272	1.017e-01	13.763	0.469	0.142	1.279e-02
ZNF490	1.237	1.081e-01	25.044	0.466	0.142	1.288e-02
MEIS1	2.157	1.551e-02	4.252	0.482	0.143	1.308e-02
CTNNB1	1.529	6.318e-02	4.279	0.499	0.144	1.348e-02
SETDB1	1.054	1.459e-01	3.428	0.694	0.146	1.409e-02
PRDM12	1.416	7.845e-02	5.691	0.483	0.147	1.430e-02
ZNF654	1.775	3.792e-02	5.699	0.468	0.147	1.441e-02
MAFK	1.760	3.920e-02	5.378	0.469	0.148	1.462e-02
SUMO1	2.830	2.328e-03	4.439	0.466	0.148	1.473e-02
BRDU	1.343	8.957e-02	2.662	0.580	0.149	1.483e-02
POLR3D	2.227	1.296e-02	4.225	0.474	0.152	1.571e-02
ZNF697	0.909	1.816e-01	11.085	0.478	0.152	1.571e-02
TP53	2.727	3.193e-03	2.313	0.495	0.152	1.582e-02
ZNF133	1.273	1.014e-01	9.652	0.469	0.153	1.616e-02
ZNF207	1.929	2.686e-02	2.623	0.502	0.155	1.662e-02
BANF1	1.822	3.421e-02	3.969	0.482	0.155	1.662e-02
ZNF765	1.333	9.119e-02	6.437	0.474	0.156	1.721e-02
JUN	2.131	1.656e-02	1.753	0.521	0.157	1.733e-02
ZNF440	1.269	1.023e-01	9.273	0.468	0.157	1.757e-02
PPARG	2.205	1.371e-02	3.241	0.482	0.159	1.805e-02
GRHL2	2.463	6.898e-03	4.514	0.461	0.159	1.817e-02
ZNF781	1.397	8.117e-02	7.491	0.464	0.160	1.855e-02
ZNF800	1.533	6.263e-02	6.400	0.463	0.161	1.867e-02
CEBPG	1.503	6.643e-02	5.838	0.466	0.162	1.930e-02
SMAD2-SMAD3	1.639	5.064e-02	2.766	0.500	0.163	1.956e-02
FOXO1	1.534	6.246e-02	3.191	0.496	0.164	1.982e-02
JUND	1.955	2.532e-02	3.271	0.479	0.165	2.021e-02
ILK	1.642	5.030e-02	4.830	0.468	0.165	2.021e-02
BIRA	1.328	9.203e-02	3.000	0.513	0.168	2.129e-02
FOS	1.913	2.785e-02	2.698	0.484	0.169	2.156e-02
MITF	1.317	9.385e-02	4.325	0.483	0.171	2.254e-02
FOSL2	5.933	1.488e-09	2.052	0.473	0.174	2.370e-02
SMARCC1	1.355	8.768e-02	1.894	0.533	0.175	2.414e-02
NKX2-1	1.324	9.272e-02	6.542	0.459	0.177	2.490e-02
ZNF793	1.253	1.051e-01	10.128	0.452	0.178	2.520e-02
CDK2	1.112	1.330e-01	10.879	0.453	0.178	2.520e-02
SOX10	1.309	9.533e-02	4.573	0.472	0.182	2.708e-02
ZNF331	1.090	1.379e-01	8.330	0.456	0.185	2.839e-02
LMTK3	1.621	5.251e-02	3.828	0.468	0.186	2.889e-02
MAFF	1.113	1.329e-01	7.481	0.456	0.186	2.889e-02
SIX4	1.374	8.468e-02	3.577	0.478	0.186	2.905e-02
PGR	1.308	9.540e-02	4.296	0.472	0.187	2.939e-02
ZNF140	1.527	6.343e-02	5.449	0.451	0.188	2.973e-02
IRF5	0.919	1.790e-01	12.092	0.448	0.189	3.060e-02
IRF4	1.746	4.043e-02	2.261	0.479	0.190	3.077e-02
ZNF549	0.948	1.716e-01	10.666	0.449	0.191	3.147e-02
ZBTB2	1.318	9.381e-02	6.617	0.449	0.192	3.183e-02
ZNF22	0.841	2.001e-01	14.396	0.444	0.197	3.440e-02
CHD8	1.203	1.144e-01	3.628	0.477	0.198	3.497e-02
NFE2L1	1.658	4.863e-02	4.096	0.452	0.198	3.516e-02
HLF	1.085	1.390e-01	10.112	0.442	0.199	3.535e-02
USP49	1.334	9.105e-02	3.150	0.474	0.199	3.554e-02
PRMT1	1.333	9.121e-02	3.329	0.473	0.199	3.554e-02
ZNF585A	1.071	1.421e-01	6.028	0.455	0.200	3.593e-02
SRCAP	0.887	1.874e-01	10.089	0.446	0.201	3.651e-02
ZNF84	1.057	1.454e-01	6.125	0.454	0.201	3.671e-02
ZNF707	0.983	1.629e-01	2.965	0.490	0.203	3.770e-02
SSU72	1.270	1.020e-01	3.672	0.469	0.205	3.851e-02
CBX5	0.857	1.956e-01	2.460	0.512	0.205	3.871e-02
ZNF182	1.042	1.487e-01	5.910	0.454	0.205	3.892e-02
PCGF2	1.445	7.429e-02	3.910	0.454	0.208	4.079e-02
EED	1.102	1.352e-01	3.343	0.475	0.209	4.100e-02
ZNF48	1.285	9.944e-02	3.093	0.470	0.209	4.121e-02
HOXA9	0.748	2.273e-01	4.394	0.475	0.211	4.206e-02
DAXX	1.412	7.897e-02	4.114	0.453	0.211	4.228e-02
TSC22D4	1.160	1.230e-01	3.375	0.470	0.211	4.228e-02
ZNF618	1.294	9.778e-02	2.919	0.471	0.211	4.250e-02
RNF2	0.629	2.645e-01	1.723	0.568	0.212	4.315e-02
FLI1	0.778	2.182e-01	1.581	0.531	0.214	4.426e-02
PITX3	1.035	1.503e-01	5.267	0.453	0.214	4.426e-02
ZNF304	1.031	1.513e-01	5.128	0.453	0.217	4.606e-02
DLX2	1.185	1.181e-01	3.841	0.463	0.217	4.606e-02
ZNF780A	0.877	1.901e-01	6.521	0.446	0.219	4.721e-02
PRDM6	1.122	1.310e-01	4.013	0.459	0.219	4.721e-02
ERCC2	0.900	1.842e-01	5.660	0.447	0.223	4.958e-02
PBX3	0.786	2.159e-01	2.169	0.496	0.225	5.153e-02
CHD7	1.303	9.631e-02	1.673	0.480	0.226	5.202e-02
ASCL1	1.186	1.179e-01	2.821	0.465	0.228	5.302e-02
FANCD2	0.689	2.453e-01	11.042	0.436	0.229	5.378e-02
NONO	1.347	8.906e-02	2.741	0.456	0.230	5.506e-02
PGBD3	1.199	1.153e-01	2.718	0.463	0.232	5.635e-02
ZNF429	0.755	2.252e-01	7.483	0.440	0.232	5.635e-02
ZNF425	0.730	2.328e-01	7.924	0.439	0.236	5.901e-02
TCF7	0.373	3.545e-01	2.867	0.506	0.236	5.928e-02
ZNF93	0.837	2.012e-01	5.337	0.444	0.237	5.982e-02
BATF	1.451	7.340e-02	2.214	0.455	0.237	6.010e-02
ZNF101	0.550	2.912e-01	3.904	0.471	0.239	6.120e-02
JARID2	1.426	7.700e-02	1.511	0.466	0.239	6.175e-02
ZNF506	0.775	2.191e-01	5.756	0.441	0.239	6.175e-02
ZNF512	0.851	1.973e-01	6.261	0.437	0.240	6.203e-02
FEZF1	1.159	1.231e-01	4.188	0.441	0.242	6.372e-02
DACOR1	0.617	2.686e-01	11.412	0.432	0.243	6.429e-02
WWTR1	1.359	8.710e-02	2.293	0.453	0.243	6.486e-02
LMNB1	0.764	2.223e-01	5.630	0.440	0.244	6.573e-02
CHD5	0.779	2.179e-01	5.216	0.441	0.245	6.602e-02
ZNF138	1.096	1.365e-01	2.579	0.457	0.247	6.808e-02
LYL1	1.252	1.054e-01	1.989	0.461	0.248	6.867e-02
NR5A2	0.732	2.320e-01	3.319	0.463	0.248	6.867e-02
ELF3	1.059	1.448e-01	3.974	0.441	0.249	6.927e-02
ZFP64	0.521	3.011e-01	2.630	0.482	0.251	7.109e-02
STAT3	1.232	1.090e-01	1.554	0.467	0.251	7.139e-02
ZNF354C	1.040	1.493e-01	2.765	0.453	0.252	7.201e-02
ZNF8	0.883	1.886e-01	2.436	0.463	0.252	7.232e-02
HIRA	1.111	1.333e-01	2.188	0.458	0.253	7.325e-02
PRDM14	0.847	1.986e-01	4.036	0.444	0.254	7.387e-02
GREB1	1.229	1.096e-01	2.680	0.447	0.255	7.450e-02
ZFAT	0.967	1.667e-01	2.972	0.450	0.255	7.482e-02
SUZ12	0.705	2.403e-01	0.932	0.498	0.256	7.545e-02
RUNX2	0.547	2.924e-01	5.308	0.444	0.257	7.609e-02
ZNF671	0.739	2.300e-01	4.420	0.439	0.264	8.266e-02
PROX1	1.186	1.179e-01	1.819	0.454	0.265	8.334e-02
ZNF488	0.955	1.699e-01	3.076	0.442	0.266	8.436e-02
SRC	0.607	2.718e-01	2.874	0.458	0.269	8.713e-02
FOSL1	0.886	1.878e-01	1.338	0.467	0.270	8.819e-02
HHEX	0.878	1.901e-01	4.207	0.434	0.270	8.819e-02
ZNF778	0.735	2.313e-01	4.728	0.434	0.270	8.890e-02
MAF	0.395	3.465e-01	1.071	0.509	0.272	9.104e-02
DDX5	0.185	4.265e-01	3.866	0.467	0.273	9.176e-02
GFI1B	0.737	2.307e-01	3.540	0.441	0.274	9.249e-02
HMG20A	1.015	1.551e-01	1.872	0.452	0.275	9.395e-02
SPI1	0.921	1.786e-01	1.164	0.464	0.276	9.432e-02
ETV6	0.856	1.961e-01	1.569	0.461	0.276	9.469e-02
ZNF217	0.737	2.304e-01	3.742	0.439	0.276	9.506e-02
ZSCAN2	0.859	1.952e-01	2.560	0.445	0.276	9.506e-02
TCF7L2	0.632	2.636e-01	1.474	0.474	0.277	9.543e-02
ZSCAN16	0.425	3.352e-01	3.288	0.456	0.278	9.655e-02
ZNF292	0.855	1.962e-01	2.406	0.445	0.281	9.996e-02
NEUROG2	1.261	1.036e-01	2.221	0.437	0.282	1.011e-01
TTF2	0.201	4.205e-01	0.614	0.522	0.282	1.011e-01
ATF2	0.794	2.137e-01	1.834	0.454	0.283	1.019e-01
MCM2	0.514	3.038e-01	6.971	0.427	0.284	1.027e-01
AGO1	0.996	1.595e-01	1.779	0.446	0.284	1.035e-01
SF1	0.764	2.224e-01	2.882	0.440	0.285	1.042e-01
ZNF585B	0.804	2.106e-01	3.621	0.433	0.286	1.050e-01
NIPBL	0.622	2.669e-01	0.409	0.484	0.288	1.078e-01
BCL11A	0.161	4.360e-01	0.606	0.519	0.289	1.086e-01
ZNF280A	0.527	2.991e-01	5.644	0.427	0.291	1.111e-01
ERCC3	0.664	2.535e-01	3.648	0.435	0.292	1.119e-01
ZNF788	0.661	2.545e-01	4.344	0.429	0.294	1.140e-01
DPPA2	0.445	3.280e-01	7.187	0.423	0.294	1.140e-01
ZNF44	0.664	2.532e-01	3.333	0.435	0.296	1.170e-01
STAT4	0.432	3.330e-01	2.500	0.451	0.301	1.226e-01
KDM3B	0.848	1.981e-01	2.067	0.438	0.302	1.235e-01
MAFG	0.606	2.722e-01	4.777	0.423	0.304	1.266e-01
ZFP41	0.870	1.922e-01	1.565	0.441	0.306	1.284e-01
ARID3A	0.574	2.831e-01	3.369	0.433	0.306	1.288e-01
CBX2	0.601	2.741e-01	3.435	0.431	0.307	1.297e-01
ZBTB48	0.545	2.929e-01	0.941	0.464	0.307	1.302e-01
TCF21	1.087	1.385e-01	1.765	0.433	0.307	1.302e-01
TTF1	0.679	2.486e-01	4.069	0.426	0.307	1.307e-01
NFE2L2	0.801	2.115e-01	0.598	0.455	0.308	1.311e-01
NCAPG2	0.591	2.774e-01	3.521	0.430	0.310	1.334e-01
LARP7	0.092	4.633e-01	1.313	0.482	0.311	1.348e-01
ZNF750	0.481	3.151e-01	4.771	0.425	0.311	1.353e-01
SCRT1	0.418	3.380e-01	4.154	0.431	0.311	1.358e-01
ZNF766	0.124	4.506e-01	2.275	0.462	0.312	1.372e-01
ZNF563	0.544	2.934e-01	3.984	0.428	0.312	1.372e-01
ZNF320	0.633	2.634e-01	3.935	0.425	0.314	1.396e-01
LIN9	0.705	2.403e-01	1.947	0.437	0.315	1.400e-01
MKL2	0.977	1.642e-01	1.015	0.439	0.316	1.420e-01
SMAD4	0.007	4.972e-01	0.585	0.497	0.321	1.484e-01
ARRB1	0.666	2.527e-01	3.048	0.426	0.323	1.519e-01
TAL1	0.299	3.825e-01	1.973	0.450	0.324	1.524e-01
ZNF384	0.211	4.163e-01	2.576	0.441	0.328	1.591e-01
NR1H3	0.737	2.306e-01	2.130	0.429	0.329	1.596e-01
ZNF768	0.665	2.529e-01	1.606	0.435	0.329	1.607e-01
ZNF16	0.801	2.116e-01	1.554	0.432	0.330	1.612e-01
ZNF786	0.688	2.456e-01	1.393	0.436	0.331	1.638e-01
ZNF260	0.694	2.437e-01	1.280	0.437	0.332	1.649e-01
BATF3	0.650	2.578e-01	1.670	0.434	0.332	1.649e-01
CHRM2	0.095	4.620e-01	0.065	0.485	0.336	1.709e-01
ZNF202	0.379	3.523e-01	0.806	0.455	0.336	1.709e-01
FOXP1	0.348	3.641e-01	0.647	0.459	0.336	1.714e-01
KMT2B	0.594	2.761e-01	1.984	0.431	0.337	1.725e-01
CRY1	0.503	3.074e-01	2.854	0.426	0.338	1.736e-01
ESCO2	0.541	2.944e-01	2.520	0.428	0.339	1.753e-01
ERCC6	0.016	4.937e-01	-0.451	0.507	0.339	1.758e-01
NR2F2	0.195	4.228e-01	1.495	0.450	0.341	1.781e-01
TAT	0.654	2.567e-01	1.195	0.434	0.342	1.803e-01
DRAP1	0.597	2.751e-01	1.681	0.431	0.342	1.803e-01
TRIM22	0.740	2.297e-01	1.438	0.429	0.343	1.821e-01
BANP	0.437	3.310e-01	2.034	0.432	0.344	1.838e-01
ZNF682	0.682	2.476e-01	0.835	0.434	0.349	1.907e-01
CEBPA	-0.234	5.926e-01	0.213	0.508	0.350	1.937e-01
FXR2	0.495	3.103e-01	2.252	0.426	0.352	1.961e-01
CUX1	-0.019	5.078e-01	0.861	0.464	0.354	1.997e-01
ZNF141	0.428	3.342e-01	2.807	0.422	0.354	2.003e-01
STAT5	0.401	3.443e-01	-0.397	0.461	0.356	2.021e-01
XBP1	0.249	4.017e-01	-0.583	0.469	0.356	2.033e-01
SND1	0.420	3.371e-01	0.770	0.440	0.356	2.033e-01
FAIRE	0.211	4.165e-01	-0.717	0.471	0.359	2.076e-01
NFIC	0.066	4.737e-01	1.545	0.444	0.359	2.076e-01
OSR2	0.473	3.181e-01	2.551	0.421	0.359	2.082e-01
ZXDC	0.441	3.296e-01	2.299	0.422	0.359	2.088e-01
ICE2	0.549	2.914e-01	1.348	0.428	0.360	2.094e-01
PTRF	0.428	3.344e-01	2.410	0.422	0.362	2.125e-01
EBNA3	0.548	2.919e-01	1.258	0.428	0.364	2.163e-01
EHF	0.481	3.151e-01	0.290	0.440	0.364	2.169e-01
SNAI2	-0.219	5.867e-01	1.647	0.461	0.365	2.175e-01
BCAT1	0.558	2.884e-01	1.901	0.421	0.365	2.188e-01
MEF2A	0.173	4.315e-01	0.469	0.449	0.366	2.194e-01
SOX4	0.523	3.005e-01	1.490	0.426	0.366	2.201e-01
TET2	-0.631	7.361e-01	0.360	0.526	0.367	2.213e-01
KDM1A	-0.356	6.391e-01	0.531	0.486	0.368	2.232e-01
RXRA	0.370	3.557e-01	0.298	0.442	0.368	2.245e-01
ZNF547	0.594	2.762e-01	0.448	0.432	0.369	2.252e-01
ATF3	0.028	4.887e-01	-0.030	0.465	0.371	2.297e-01
CBFA2T2	0.461	3.224e-01	1.593	0.424	0.371	2.297e-01
SMARCE1	-0.216	5.854e-01	2.176	0.446	0.372	2.316e-01
ZNF92	0.151	4.400e-01	4.682	0.406	0.373	2.336e-01
EBNA2	0.496	3.099e-01	1.175	0.426	0.375	2.369e-01
ASH2L	0.439	3.305e-01	2.244	0.415	0.377	2.395e-01
MYOD1	0.400	3.445e-01	2.242	0.418	0.377	2.402e-01
ZNF35	0.360	3.595e-01	2.298	0.418	0.377	2.402e-01
NR1H2	0.623	2.667e-01	1.233	0.421	0.378	2.415e-01
TBX21	0.481	3.154e-01	0.761	0.428	0.379	2.442e-01
ZNF362	0.331	3.703e-01	2.965	0.411	0.380	2.448e-01
ZNF664	0.338	3.675e-01	2.726	0.411	0.382	2.488e-01
TCF12	-0.092	5.365e-01	0.327	0.459	0.382	2.495e-01
TSHZ1	0.412	3.403e-01	0.763	0.429	0.382	2.495e-01
ZNF558	0.366	3.572e-01	1.270	0.426	0.384	2.529e-01
POU3F2	0.723	2.350e-01	-0.161	0.428	0.385	2.556e-01
CREBBP	-0.148	5.586e-01	-0.434	0.473	0.386	2.577e-01
PTTG1	0.304	3.806e-01	2.172	0.417	0.386	2.577e-01
JUNB	0.059	4.765e-01	0.161	0.447	0.388	2.597e-01
HNF4A	-0.045	5.179e-01	1.600	0.434	0.391	2.666e-01
HOXA2	0.587	2.787e-01	-0.258	0.430	0.391	2.666e-01
TCF7L1	-0.338	6.324e-01	0.061	0.476	0.392	2.680e-01
NFIL3	0.222	4.122e-01	2.644	0.410	0.394	2.722e-01
ZNF100	0.509	3.054e-01	-0.199	0.430	0.395	2.743e-01
PRKDC	0.385	3.503e-01	0.938	0.422	0.397	2.778e-01
KDM6B	0.202	4.198e-01	0.071	0.436	0.399	2.821e-01
AFF1	-0.357	6.394e-01	-1.558	0.510	0.400	2.842e-01
IKZF1	-0.778	7.818e-01	-0.329	0.518	0.400	2.849e-01
TLX1	0.392	3.474e-01	1.105	0.420	0.401	2.856e-01
GTF2I	-0.203	5.802e-01	0.811	0.446	0.402	2.870e-01
ZNF611	0.350	3.631e-01	1.276	0.417	0.403	2.899e-01
ZFP57	0.093	4.630e-01	2.614	0.411	0.404	2.928e-01
SCRT2	0.095	4.620e-01	3.512	0.402	0.405	2.942e-01
BTAF1	0.319	3.749e-01	1.464	0.416	0.405	2.942e-01
SP140	0.180	4.284e-01	1.081	0.423	0.406	2.957e-01
ZNF264	0.399	3.450e-01	-1.067	0.437	0.408	3.000e-01
ING5	0.207	4.181e-01	1.906	0.409	0.411	3.051e-01
ETV4	-0.160	5.635e-01	-0.971	0.464	0.412	3.088e-01
FUS	0.364	3.581e-01	0.574	0.421	0.412	3.088e-01
DEK	0.336	3.683e-01	0.635	0.420	0.414	3.125e-01
NR2F1	-0.037	5.149e-01	1.336	0.427	0.414	3.125e-01
UBE2I	0.401	3.440e-01	0.363	0.420	0.414	3.125e-01
BCL6	-0.575	7.173e-01	-0.796	0.487	0.417	3.176e-01
ZNF479	0.118	4.529e-01	2.430	0.404	0.418	3.206e-01
LDB1	0.089	4.644e-01	2.696	0.403	0.419	3.221e-01
ZNF641	0.455	3.245e-01	-0.476	0.424	0.419	3.228e-01
FOXM1	-0.334	6.306e-01	-3.298	0.511	0.420	3.251e-01
MCM7	0.123	4.512e-01	0.292	0.427	0.421	3.266e-01
REPIN1	0.037	4.853e-01	1.161	0.422	0.422	3.281e-01
SPDEF	0.319	3.747e-01	-1.031	0.432	0.422	3.296e-01
LMO2	-0.266	6.048e-01	0.149	0.447	0.423	3.311e-01
DNMT3A	0.240	4.050e-01	-0.626	0.430	0.425	3.348e-01
GPS2	0.428	3.345e-01	-0.276	0.422	0.425	3.356e-01
SRF	-0.235	5.929e-01	-0.851	0.457	0.426	3.379e-01
MRE11A	0.303	3.808e-01	0.437	0.416	0.426	3.379e-01
ZNF175	-0.055	5.219e-01	0.464	0.430	0.427	3.386e-01
DMC1	-0.097	5.387e-01	4.717	0.392	0.429	3.439e-01
HCFC1R1	0.129	4.487e-01	1.706	0.405	0.430	3.462e-01
DNMT1	-0.243	5.959e-01	-1.291	0.461	0.433	3.523e-01
ETV5	0.032	4.871e-01	0.068	0.428	0.433	3.523e-01
ZBTB16	0.278	3.906e-01	0.413	0.414	0.434	3.531e-01
MYF5	0.267	3.947e-01	0.469	0.412	0.434	3.539e-01
MECOM	0.180	4.287e-01	1.001	0.408	0.436	3.577e-01
VDR	-0.117	5.468e-01	-0.576	0.440	0.436	3.585e-01
SMARCA5	-0.360	6.407e-01	-0.363	0.451	0.437	3.600e-01
RARA	-0.745	7.718e-01	-2.078	0.513	0.437	3.615e-01
HDAC4	0.299	3.824e-01	0.243	0.414	0.438	3.623e-01
CBX6	0.337	3.679e-01	-0.107	0.416	0.438	3.623e-01
SMARCA4	-0.877	8.099e-01	-2.640	0.546	0.439	3.646e-01
PMEL	0.028	4.888e-01	-1.735	0.444	0.439	3.646e-01
ZNF366	0.192	4.240e-01	0.818	0.406	0.440	3.662e-01
TFAP4	-0.356	6.390e-01	-0.322	0.446	0.441	3.693e-01
CAMTA2	0.175	4.304e-01	0.747	0.407	0.442	3.716e-01
CLOCK	0.059	4.765e-01	1.867	0.400	0.443	3.739e-01
ETS2	0.175	4.304e-01	-1.449	0.432	0.443	3.739e-01
RELB	0.061	4.756e-01	1.002	0.410	0.444	3.747e-01
AEBP2	0.247	4.026e-01	0.330	0.410	0.444	3.747e-01
TFAP2A	-0.126	5.502e-01	1.255	0.419	0.444	3.755e-01
IRF1	-0.169	5.671e-01	-0.800	0.440	0.447	3.817e-01
BRD9	0.032	4.874e-01	0.331	0.420	0.447	3.825e-01
ZNF445	0.022	4.912e-01	2.002	0.399	0.447	3.825e-01
MBD3	0.115	4.542e-01	-0.037	0.420	0.448	3.848e-01
RELA	-1.065	8.567e-01	-1.105	0.512	0.449	3.856e-01
DPF2	-0.322	6.264e-01	1.320	0.423	0.449	3.864e-01
FOXO3	-0.202	5.801e-01	-1.084	0.443	0.450	3.888e-01
RUNX3	0.130	4.484e-01	0.737	0.405	0.452	3.927e-01
PSIP1	-0.022	5.088e-01	-0.004	0.423	0.453	3.943e-01
SS18	0.040	4.842e-01	-0.437	0.424	0.453	3.951e-01
CREM	-0.258	6.016e-01	-0.508	0.439	0.453	3.958e-01
ZNF2	-0.007	5.027e-01	-0.009	0.422	0.453	3.958e-01
ESRRA	-0.319	6.251e-01	-1.768	0.456	0.453	3.958e-01
GTF2A2	0.170	4.324e-01	0.334	0.407	0.454	3.966e-01
ZNF350	0.284	3.882e-01	-0.527	0.413	0.458	4.053e-01
EPAS1	0.087	4.653e-01	0.832	0.403	0.459	4.085e-01
GRHL3	-0.444	6.713e-01	0.782	0.429	0.459	4.085e-01
ZNF438	0.097	4.616e-01	0.630	0.403	0.460	4.101e-01
MBOAT4	0.359	3.597e-01	-1.287	0.418	0.460	4.101e-01
ARNT	-0.586	7.209e-01	-2.317	0.475	0.461	4.125e-01
ZSCAN20	0.167	4.337e-01	0.233	0.406	0.461	4.125e-01
KLF4	-0.468	6.801e-01	-0.242	0.441	0.461	4.132e-01
CEBPD	-0.389	6.513e-01	-1.223	0.449	0.461	4.132e-01
TERF2	0.160	4.364e-01	-0.145	0.406	0.466	4.244e-01
CDCA2	-0.040	5.159e-01	1.737	0.394	0.469	4.316e-01
TERF1	0.108	4.568e-01	0.103	0.404	0.473	4.404e-01
ZNF28	-0.012	5.046e-01	1.150	0.396	0.474	4.420e-01
NCAPG	-0.127	5.504e-01	0.593	0.409	0.475	4.436e-01
ZNF134	-0.012	5.049e-01	1.047	0.396	0.477	4.476e-01
CTBP2	0.225	4.110e-01	-1.454	0.414	0.478	4.508e-01
SOX13	-0.093	5.369e-01	0.139	0.410	0.480	4.540e-01
ZNF483	0.286	3.875e-01	-1.571	0.413	0.481	4.573e-01
E2F7	-0.171	5.679e-01	-0.765	0.424	0.481	4.581e-01
GLIS1	-0.442	6.706e-01	-1.093	0.438	0.482	4.605e-01
GATAD2B	0.132	4.474e-01	-0.958	0.408	0.483	4.629e-01
FOXP2	-0.073	5.293e-01	-2.294	0.430	0.484	4.645e-01
IRF9	-0.111	5.441e-01	1.025	0.398	0.485	4.653e-01
CTBP1	-0.077	5.308e-01	0.269	0.405	0.485	4.653e-01
SSRP1	-0.599	7.252e-01	-0.213	0.434	0.485	4.661e-01
ZNF284	-0.170	5.676e-01	2.252	0.387	0.486	4.686e-01
BACH2	-0.118	5.468e-01	-0.331	0.414	0.488	4.726e-01
RBL1	0.002	4.992e-01	0.386	0.397	0.488	4.726e-01
CBX8	-0.418	6.621e-01	-3.394	0.455	0.489	4.742e-01
CTCFL	-0.580	7.192e-01	-1.158	0.441	0.490	4.774e-01
MTA3	-0.116	5.461e-01	-1.279	0.422	0.494	4.863e-01
TEAD2	-0.034	5.136e-01	0.354	0.397	0.495	4.879e-01
PAX5	-0.662	7.461e-01	-0.510	0.435	0.495	4.888e-01
EMX1	-0.274	6.078e-01	-2.350	0.436	0.495	4.896e-01
ZNF674	0.141	4.437e-01	-1.277	0.406	0.496	4.904e-01
ZNF534	-0.032	5.127e-01	0.415	0.395	0.496	4.920e-01
EBF1	-0.274	6.079e-01	0.120	0.413	0.497	4.928e-01
JMJD1C	-0.484	6.857e-01	-0.382	0.427	0.498	4.944e-01
KLF16	-0.180	5.716e-01	0.906	0.396	0.499	4.976e-01
NFE2	-0.607	7.280e-01	-1.853	0.443	0.503	5.057e-01
OVOL3	0.152	4.398e-01	-2.133	0.410	0.503	5.057e-01
MYB	-0.531	7.023e-01	-0.505	0.426	0.504	5.082e-01
PRDM11	-0.243	5.962e-01	-3.460	0.438	0.504	5.082e-01
WRNIP1	0.062	4.751e-01	-0.920	0.401	0.504	5.082e-01
ZNF837	0.007	4.971e-01	-1.081	0.404	0.508	5.171e-01
GATA1	-0.839	7.994e-01	1.494	0.415	0.509	5.195e-01
MLLT3	0.045	4.821e-01	-0.864	0.400	0.509	5.195e-01
HMBOX1	-0.113	5.449e-01	0.782	0.391	0.509	5.211e-01
NFKB2	-0.120	5.480e-01	0.397	0.394	0.512	5.259e-01
ZNF146	-0.238	5.941e-01	-0.726	0.411	0.513	5.292e-01
TERC	-0.448	6.730e-01	1.919	0.392	0.514	5.308e-01
ZNF518A	0.153	4.391e-01	-2.453	0.405	0.515	5.340e-01
JMJD6	-0.450	6.737e-01	-1.532	0.429	0.516	5.356e-01
APOBEC3B	-0.082	5.327e-01	0.112	0.392	0.517	5.389e-01
HEXIM1	-0.175	5.697e-01	-2.693	0.422	0.521	5.461e-01
RCOR1	-0.509	6.947e-01	-1.766	0.431	0.521	5.469e-01
ZNF554	-0.105	5.416e-01	0.123	0.391	0.522	5.501e-01
NR4A1	-0.441	6.703e-01	-0.925	0.418	0.522	5.501e-01
PRMT5	-0.068	5.273e-01	-0.273	0.393	0.523	5.509e-01
PYGO2	-0.199	5.787e-01	0.279	0.394	0.526	5.573e-01
PBX1	-0.107	5.427e-01	-0.286	0.394	0.526	5.590e-01
NOTCH1	-1.202	8.853e-01	-4.680	0.493	0.529	5.654e-01
NFATC3	-0.049	5.197e-01	-0.787	0.394	0.530	5.670e-01
SIRT1	-1.005	8.427e-01	1.112	0.415	0.532	5.710e-01
POLR2M	-0.436	6.687e-01	-4.349	0.438	0.532	5.718e-01
STAT1	-0.674	7.497e-01	-2.392	0.435	0.533	5.742e-01
ZNF695	0.063	4.750e-01	-2.729	0.401	0.535	5.773e-01
ZNF239	-0.080	5.320e-01	-1.346	0.399	0.535	5.773e-01
POU2F2	-0.254	6.001e-01	-1.002	0.403	0.536	5.813e-01
XCL1	0.019	4.925e-01	-2.085	0.398	0.538	5.845e-01
HJURP	-0.029	5.115e-01	-1.448	0.395	0.538	5.853e-01
ERG	-1.382	9.165e-01	-3.886	0.489	0.538	5.861e-01
ZNF701	-0.167	5.664e-01	-0.210	0.388	0.540	5.901e-01
INTS3	-0.025	5.098e-01	-1.614	0.396	0.541	5.917e-01
CCND2	-0.010	5.041e-01	-1.973	0.396	0.542	5.932e-01
TFAP2C	-0.649	7.419e-01	0.337	0.402	0.542	5.948e-01
MEF2C	-0.120	5.478e-01	-0.547	0.390	0.543	5.956e-01
CREB3L4	-0.106	5.421e-01	-0.834	0.391	0.544	5.980e-01
ZBED1	-0.158	5.629e-01	-0.735	0.391	0.547	6.059e-01
E2F2	-0.106	5.423e-01	-0.997	0.391	0.548	6.067e-01
ZNF597	-0.178	5.706e-01	-0.328	0.387	0.548	6.074e-01
MORC2	-0.365	6.426e-01	-3.848	0.426	0.549	6.090e-01
KDM4A	-0.609	7.287e-01	-0.626	0.406	0.551	6.129e-01
MTA2	-0.778	7.818e-01	-0.699	0.416	0.551	6.137e-01
RYBP	-0.473	6.819e-01	-1.040	0.406	0.551	6.137e-01
PPARD	0.047	4.814e-01	-3.546	0.400	0.551	6.145e-01
MBD4	-0.176	5.700e-01	-0.660	0.387	0.554	6.208e-01
ICE1	-0.109	5.436e-01	-1.692	0.394	0.556	6.239e-01
DDX20	-0.604	7.272e-01	-0.633	0.404	0.558	6.278e-01
ZBTB17	-0.494	6.894e-01	-1.858	0.414	0.558	6.278e-01
HES1	-0.457	6.763e-01	-0.979	0.401	0.558	6.278e-01
PBX2	-0.439	6.698e-01	-1.553	0.406	0.558	6.293e-01
ZKSCAN1	-0.691	7.552e-01	-2.683	0.426	0.559	6.316e-01
ZC3H8	-0.569	7.153e-01	-3.756	0.427	0.560	6.332e-01
KDM6A	-0.201	5.797e-01	-0.589	0.386	0.561	6.347e-01
C11orf30	-0.378	6.472e-01	-0.145	0.387	0.561	6.355e-01
ZNF280D	-0.032	5.128e-01	-3.092	0.396	0.561	6.355e-01
MEN1	-0.184	5.730e-01	-1.786	0.395	0.563	6.394e-01
EGLN2	-0.141	5.563e-01	-1.334	0.389	0.564	6.409e-01
PRDM10	-0.191	5.758e-01	-1.109	0.390	0.564	6.417e-01
KLF5	-1.047	8.524e-01	-3.102	0.439	0.565	6.440e-01
WT1	-0.185	5.733e-01	-1.723	0.392	0.571	6.562e-01
ZBTB42	-0.249	5.984e-01	-0.692	0.384	0.573	6.600e-01
RFX1	-0.821	7.942e-01	-1.893	0.421	0.573	6.615e-01
CBX4	-0.031	5.122e-01	-3.966	0.395	0.576	6.660e-01
AGO2	0.056	4.776e-01	-5.949	0.401	0.578	6.713e-01
GRHL1	-0.188	5.744e-01	-1.528	0.387	0.579	6.736e-01
LEF1	-1.417	9.217e-01	-6.618	0.482	0.580	6.758e-01
ZBTB1	-0.084	5.334e-01	-3.945	0.395	0.581	6.765e-01
NR0B1	-0.023	5.091e-01	-4.538	0.396	0.581	6.765e-01
RBPJ	-1.180	8.810e-01	-3.054	0.437	0.581	6.773e-01
POLR2AphosphoS5	-0.725	7.658e-01	-1.649	0.408	0.581	6.780e-01
RUNX1	-2.309	9.895e-01	-1.358	0.453	0.584	6.840e-01
ZTA	-0.795	7.868e-01	0.669	0.385	0.584	6.840e-01
KLF15	-1.551	9.396e-01	-6.572	0.482	0.586	6.877e-01
MBD2	-2.150	9.842e-01	-4.186	0.476	0.586	6.884e-01
RAD51	-0.662	7.459e-01	-2.213	0.406	0.587	6.899e-01
H2AZ	-1.735	9.587e-01	-6.409	0.490	0.587	6.906e-01
FOXK2	-1.140	8.728e-01	-4.551	0.443	0.587	6.906e-01
DROSHA	-0.591	7.229e-01	-3.807	0.415	0.588	6.928e-01
STAT5A	-0.489	6.877e-01	-1.106	0.388	0.593	7.023e-01
MYNN	-0.566	7.142e-01	-4.112	0.412	0.594	7.037e-01
SP7	-0.256	6.009e-01	-2.264	0.387	0.596	7.081e-01
ZNF792	-0.144	5.574e-01	-4.188	0.394	0.596	7.081e-01
ZNF257	-0.308	6.208e-01	-1.331	0.380	0.598	7.124e-01
MED1	-3.597	9.998e-01	-6.757	0.515	0.601	7.181e-01
ZNF580	-0.150	5.596e-01	-4.499	0.394	0.602	7.202e-01
ASH1L	0.047	4.812e-01	-8.352	0.400	0.603	7.216e-01
NCOR2	-0.448	6.727e-01	-1.012	0.381	0.603	7.223e-01
FOXK1	-0.815	7.924e-01	-1.349	0.398	0.604	7.237e-01
BRD7	-0.260	6.026e-01	-2.089	0.383	0.604	7.244e-01
INSM2	-0.248	5.978e-01	-4.312	0.395	0.605	7.258e-01
LANA	-0.208	5.822e-01	-6.044	0.402	0.606	7.279e-01
KDM5B	-1.066	8.568e-01	-3.167	0.422	0.608	7.314e-01
BRD4	-4.788	1.000e+00	-7.954	0.524	0.609	7.335e-01
ZNF273	-0.257	6.015e-01	-2.598	0.383	0.609	7.335e-01
MED12	-0.626	7.345e-01	-2.098	0.394	0.610	7.349e-01
SMARCB1	-1.056	8.546e-01	-3.736	0.423	0.610	7.363e-01
SIRT6	-0.428	6.658e-01	-0.844	0.373	0.610	7.363e-01
BACH1	-0.628	7.351e-01	-2.136	0.394	0.611	7.383e-01
TRIM24	-1.284	9.005e-01	-2.378	0.423	0.612	7.390e-01
HDGF	-1.787	9.630e-01	-4.606	0.455	0.612	7.390e-01
MYBL2	-0.349	6.364e-01	-1.663	0.378	0.612	7.397e-01
ZFX	-2.010	9.778e-01	-6.842	0.477	0.613	7.411e-01
NR2F6	-0.839	7.992e-01	0.103	0.380	0.613	7.411e-01
NFIA	-0.850	8.025e-01	-1.179	0.394	0.616	7.465e-01
ZNF519	-0.343	6.341e-01	-1.918	0.378	0.616	7.465e-01
LMO1	-0.428	6.655e-01	-1.302	0.374	0.620	7.553e-01
ZNF335	-0.401	6.559e-01	-3.205	0.387	0.621	7.566e-01
NFKB1	-0.752	7.740e-01	-1.160	0.386	0.623	7.606e-01
HIC1	-0.392	6.523e-01	-2.946	0.383	0.624	7.613e-01
UHRF2	-0.331	6.297e-01	-2.801	0.379	0.624	7.619e-01
ZBTB26	-0.603	7.269e-01	-7.311	0.417	0.625	7.633e-01
MGEA5	-0.356	6.390e-01	-2.485	0.377	0.625	7.639e-01
ZBTB40	-0.807	7.903e-01	-3.637	0.403	0.626	7.652e-01
USF1	-1.104	8.651e-01	-5.615	0.427	0.627	7.672e-01
RB1	-1.032	8.490e-01	-7.388	0.431	0.629	7.717e-01
RFX5	-0.781	7.825e-01	-6.022	0.416	0.629	7.717e-01
ZKSCAN5	-0.249	5.983e-01	-4.266	0.384	0.629	7.717e-01
ZNF623	-0.390	6.516e-01	-3.573	0.385	0.630	7.724e-01
SCML2	-0.562	7.128e-01	-3.183	0.388	0.631	7.743e-01
E2F8	-0.364	6.421e-01	-2.856	0.377	0.633	7.775e-01
MEF2D	-0.555	7.107e-01	-1.484	0.376	0.633	7.781e-01
PPARGC1A	-0.366	6.427e-01	-2.835	0.377	0.633	7.788e-01
GLI2	-1.566	9.413e-01	-6.650	0.447	0.634	7.794e-01
ZNF528	-0.234	5.925e-01	-5.324	0.384	0.636	7.838e-01
SETX	-0.205	5.812e-01	-5.667	0.386	0.637	7.851e-01
GATAD1	-0.768	7.787e-01	-4.489	0.400	0.639	7.882e-01
ZFP37	-0.328	6.285e-01	-4.762	0.385	0.641	7.913e-01
ZNF436	-0.685	7.534e-01	-0.071	0.360	0.641	7.913e-01
ZNF394	-0.392	6.527e-01	-4.130	0.383	0.642	7.938e-01
SKI	-0.494	6.895e-01	-1.516	0.370	0.643	7.956e-01
KDM2B	-3.116	9.991e-01	-3.745	0.442	0.644	7.968e-01
ZNF468	-0.463	6.782e-01	-2.068	0.372	0.644	7.974e-01
PKNOX1	-0.676	7.506e-01	-1.115	0.372	0.645	7.980e-01
ZEB1	-0.987	8.383e-01	-5.949	0.417	0.646	8.005e-01
CD74	-0.913	8.193e-01	-1.784	0.387	0.647	8.023e-01
HSF1	-1.342	9.101e-01	-7.371	0.438	0.647	8.023e-01
BCLAF1	-0.900	8.160e-01	-3.379	0.394	0.649	8.058e-01
MCM3	-0.537	7.044e-01	-3.352	0.380	0.650	8.070e-01
CHD4	-0.695	7.563e-01	-2.532	0.381	0.650	8.076e-01
ZSCAN23	-0.342	6.340e-01	-5.913	0.386	0.650	8.076e-01
MECP2	-0.625	7.339e-01	-6.764	0.401	0.651	8.088e-01
GTF3C5	-0.578	7.182e-01	-4.180	0.386	0.651	8.094e-01
CHAMP1	-0.614	7.303e-01	-2.695	0.377	0.653	8.123e-01
CBX1	-0.923	8.220e-01	-7.480	0.418	0.654	8.129e-01
ETV7	-0.442	6.709e-01	-3.136	0.373	0.654	8.135e-01
CSDE1	-1.009	8.434e-01	-4.202	0.400	0.657	8.192e-01
WHSC1	-0.598	7.249e-01	-2.845	0.374	0.659	8.209e-01
ZNF189	-0.242	5.957e-01	-7.264	0.384	0.659	8.220e-01
ZNF692	-0.492	6.887e-01	-4.484	0.381	0.660	8.226e-01
ZBTB7A	-3.988	1.000e+00	-9.020	0.469	0.666	8.320e-01
TET3	-1.112	8.669e-01	-4.543	0.403	0.666	8.320e-01
C17orf49	-0.465	6.790e-01	-5.383	0.381	0.666	8.325e-01
RXRG	-1.161	8.773e-01	-2.414	0.392	0.667	8.336e-01
CD59	-0.558	7.116e-01	-2.755	0.367	0.668	8.347e-01
ZNF346	-0.380	6.481e-01	-6.700	0.384	0.668	8.357e-01
FOXG1	-0.471	6.810e-01	-3.754	0.371	0.669	8.363e-01
ING2	-0.423	6.639e-01	-4.608	0.374	0.669	8.368e-01
ZNF391	-0.362	6.412e-01	-8.808	0.390	0.671	8.394e-01
TBL1XR1	-0.959	8.312e-01	-3.365	0.387	0.672	8.405e-01
SON	-0.704	7.594e-01	-1.316	0.359	0.673	8.420e-01
TBL1X	-0.493	6.889e-01	-3.716	0.370	0.673	8.420e-01
ZNF770	-0.667	7.476e-01	-1.749	0.361	0.673	8.426e-01
DIDO1	-0.479	6.842e-01	-5.376	0.379	0.673	8.426e-01
TRIM25	-1.619	9.473e-01	-2.624	0.405	0.674	8.436e-01
WDHD1	-0.685	7.533e-01	-3.048	0.373	0.674	8.441e-01
ZNF143	-1.969	9.755e-01	-9.442	0.445	0.675	8.462e-01
TARDBP	-1.136	8.720e-01	-3.312	0.393	0.676	8.472e-01
NCOR1	-1.118	8.683e-01	-7.291	0.414	0.677	8.477e-01
L3MBTL4	-0.436	6.685e-01	-5.324	0.373	0.677	8.487e-01
NBN	-1.290	9.014e-01	-4.555	0.405	0.679	8.512e-01
IKZF2	-0.849	8.020e-01	-1.843	0.368	0.679	8.517e-01
ZBTB6	-0.846	8.013e-01	-3.001	0.376	0.680	8.527e-01
ZXDB	-0.462	6.778e-01	-6.198	0.380	0.681	8.542e-01
STAT5B	-1.573	9.422e-01	-2.330	0.397	0.682	8.552e-01
RUNX1T1	-1.298	9.029e-01	-1.560	0.385	0.683	8.562e-01
EGR3	-0.788	7.847e-01	-1.315	0.355	0.683	8.562e-01
SMARCC2	-0.685	7.533e-01	-3.372	0.371	0.683	8.567e-01
ZNF324	-0.700	7.580e-01	-9.353	0.400	0.683	8.567e-01
ZMIZ1	-0.767	7.784e-01	-4.988	0.382	0.685	8.596e-01
SP4	-1.415	9.215e-01	-5.639	0.413	0.686	8.600e-01
ZNF441	-0.545	7.071e-01	-4.197	0.367	0.686	8.600e-01
ARNTL	-1.250	8.944e-01	-11.315	0.426	0.688	8.629e-01
BCL3	-3.546	9.998e-01	-6.096	0.436	0.691	8.671e-01
ZNF467	-0.677	7.507e-01	-2.959	0.361	0.691	8.676e-01
CDK12	-0.570	7.155e-01	-4.367	0.366	0.692	8.685e-01
MYC	-9.429	1.000e+00	-26.775	0.487	0.693	8.694e-01
RAC3	-0.687	7.538e-01	-2.869	0.360	0.693	8.694e-01
ZNF343	-0.400	6.555e-01	-7.320	0.375	0.694	8.708e-01
ZNF600	-0.789	7.849e-01	-3.279	0.367	0.695	8.726e-01
ZMYND8	-1.374	9.153e-01	-4.285	0.399	0.696	8.731e-01
BHLHE40	-1.181	8.813e-01	-6.210	0.401	0.697	8.753e-01
THAP11	-0.327	6.282e-01	-10.283	0.379	0.698	8.757e-01
HDAC2	-2.063	9.804e-01	-5.962	0.422	0.699	8.771e-01
POLR3A	-1.053	8.537e-01	-3.253	0.376	0.701	8.797e-01
ETV1	-0.983	8.371e-01	-9.386	0.402	0.702	8.810e-01
YBX3	-0.767	7.785e-01	-4.766	0.373	0.702	8.814e-01
GLI4	-0.576	7.176e-01	-7.045	0.376	0.704	8.831e-01
POLR2H	-0.824	7.950e-01	-3.948	0.368	0.705	8.848e-01
ZMYM3	-2.852	9.978e-01	-3.008	0.405	0.708	8.877e-01
CBFB	-2.791	9.974e-01	-8.005	0.432	0.709	8.894e-01
EZH1	-1.332	9.086e-01	-3.431	0.387	0.710	8.906e-01
CDK8	-2.005	9.775e-01	-7.030	0.422	0.710	8.906e-01
ZNF76	-1.238	8.922e-01	-9.930	0.410	0.710	8.906e-01
SP1	-3.338	9.996e-01	-7.571	0.432	0.711	8.918e-01
ZNF18	-0.927	8.229e-01	-8.819	0.394	0.712	8.930e-01
ZFP69B	-0.641	7.391e-01	-6.492	0.372	0.714	8.942e-01
ZFP2	-0.810	7.911e-01	-5.509	0.372	0.715	8.954e-01
AFF4	-3.829	9.999e-01	-34.735	0.472	0.715	8.958e-01
UBTF	-1.632	9.487e-01	-12.723	0.426	0.716	8.966e-01
BRD3	-1.699	9.553e-01	-17.290	0.433	0.718	8.986e-01
POLR2A	-37.128	1.000e+00	-56.795	0.478	0.719	9.005e-01
ZNF501	-0.652	7.428e-01	-7.522	0.375	0.720	9.009e-01
KLF11	-1.058	8.550e-01	-4.617	0.377	0.720	9.009e-01
PRDM2	-0.825	7.954e-01	-5.782	0.373	0.720	9.009e-01
MYH11	-1.986	9.765e-01	-7.353	0.417	0.721	9.020e-01
ZNF592	-1.042	8.514e-01	-4.090	0.371	0.721	9.028e-01
WDR5	-1.907	9.717e-01	-7.440	0.412	0.729	9.105e-01
CNOT3	-1.296	9.026e-01	-1.152	0.349	0.732	9.136e-01
NELFE	-4.630	1.000e+00	-33.099	0.459	0.733	9.140e-01
L3MBTL2	-1.010	8.437e-01	-3.994	0.361	0.733	9.140e-01
MAX	-2.929	9.983e-01	-7.455	0.421	0.734	9.154e-01
KLF8	-0.744	7.716e-01	-8.592	0.373	0.735	9.164e-01
TRAF7	-1.320	9.066e-01	-5.540	0.384	0.736	9.171e-01
CDK9	-3.490	9.998e-01	-10.068	0.428	0.737	9.177e-01
ZNF423	-0.974	8.351e-01	-4.562	0.362	0.737	9.181e-01
ZNF414	-0.706	7.598e-01	-8.703	0.373	0.737	9.181e-01
ZEB2	-1.289	9.013e-01	-5.616	0.382	0.737	9.184e-01
FOXJ2	-0.867	8.071e-01	-6.019	0.366	0.737	9.184e-01
ORC2	-0.764	7.777e-01	-5.749	0.356	0.737	9.184e-01
PTPN11	-0.441	6.704e-01	-15.349	0.373	0.738	9.194e-01
BRCA1	-1.443	9.255e-01	-15.657	0.415	0.739	9.197e-01
MBD1	-1.135	8.718e-01	-4.492	0.370	0.739	9.197e-01
GLYR1	-0.620	7.324e-01	-7.916	0.363	0.739	9.204e-01
ZNF263	-1.757	9.606e-01	-4.311	0.388	0.740	9.207e-01
ZNF24	-1.344	9.105e-01	-5.767	0.386	0.740	9.211e-01
EGR2	-1.665	9.520e-01	-3.872	0.382	0.742	9.230e-01
MIER1	-0.969	8.338e-01	-4.768	0.361	0.743	9.233e-01
ZNF610	-0.787	7.844e-01	-8.892	0.373	0.743	9.236e-01
E2F5	-0.967	8.333e-01	-5.710	0.364	0.744	9.243e-01
CASP8AP2	-0.648	7.415e-01	-7.901	0.362	0.744	9.243e-01
RARG	-1.302	9.036e-01	-3.148	0.363	0.745	9.252e-01
ZSCAN29	-0.908	8.181e-01	-6.199	0.364	0.747	9.268e-01
TAZ	-0.964	8.324e-01	-3.873	0.345	0.748	9.284e-01
ZNF644	-0.979	8.362e-01	-6.074	0.366	0.750	9.293e-01
ZNF318	-1.338	9.095e-01	-3.169	0.363	0.750	9.296e-01
BCOR	-1.527	9.366e-01	-4.009	0.376	0.751	9.305e-01
CREB1	-3.681	9.999e-01	-15.889	0.431	0.752	9.311e-01
YY1	-4.687	1.000e+00	-19.747	0.436	0.753	9.326e-01
FOXP3	-1.083	8.606e-01	-5.907	0.365	0.754	9.329e-01
DLX1	-0.774	7.805e-01	-7.157	0.355	0.754	9.332e-01
CDK7	-1.882	9.701e-01	-7.096	0.396	0.755	9.335e-01
KDM3A	-0.718	7.636e-01	-11.349	0.370	0.755	9.340e-01
NFATC1	-1.669	9.525e-01	-10.077	0.403	0.755	9.340e-01
KDM5C	-1.321	9.067e-01	-10.113	0.394	0.755	9.340e-01
CCDC101	-0.907	8.179e-01	-10.149	0.376	0.756	9.343e-01
ZNF71	-0.849	8.021e-01	-13.274	0.377	0.758	9.360e-01
ZBTB8A	-1.060	8.554e-01	-5.610	0.359	0.758	9.363e-01
ZNF740	-1.522	9.360e-01	-7.884	0.392	0.760	9.377e-01
CHD2	-1.349	9.114e-01	-14.451	0.400	0.762	9.391e-01
MLLT1	-2.018	9.782e-01	-5.992	0.391	0.764	9.405e-01
ARID5B	-0.927	8.231e-01	-5.724	0.347	0.767	9.429e-01
BARX1	-0.827	7.959e-01	-7.546	0.353	0.767	9.434e-01
ZNF574	-0.646	7.409e-01	-13.302	0.362	0.768	9.437e-01
XRN2	-3.044	9.988e-01	-26.510	0.430	0.769	9.447e-01
KLF3	-0.980	8.366e-01	-5.092	0.344	0.769	9.447e-01
ZNF584	-1.089	8.620e-01	-6.475	0.361	0.769	9.447e-01
INO80	-1.728	9.580e-01	-10.042	0.397	0.770	9.452e-01
KMT2A	-2.114	9.827e-01	-4.657	0.381	0.771	9.460e-01
CREB3	-1.178	8.806e-01	-5.042	0.353	0.772	9.465e-01
USF2	-2.155	9.844e-01	-7.499	0.394	0.773	9.470e-01
GTF2F1	-1.241	8.927e-01	-17.025	0.392	0.773	9.473e-01
NCOA1	-1.110	8.665e-01	-6.356	0.360	0.773	9.475e-01
HINFP	-1.116	8.677e-01	-7.908	0.368	0.774	9.480e-01
SOX9	-1.134	8.717e-01	-11.730	0.378	0.776	9.493e-01
ZNF589	-1.116	8.678e-01	-6.519	0.360	0.776	9.495e-01
PML	-2.172	9.851e-01	-4.744	0.380	0.778	9.505e-01
EP400	-0.858	8.045e-01	-7.966	0.351	0.778	9.509e-01
E2F6	-2.373	9.912e-01	-8.683	0.395	0.781	9.528e-01
ZSCAN5A	-0.918	8.206e-01	-11.247	0.362	0.782	9.531e-01
ZNF341	-1.338	9.095e-01	-4.890	0.358	0.783	9.538e-01
CDC5L	-1.246	8.936e-01	-5.871	0.355	0.783	9.542e-01
ADNP	-1.303	9.037e-01	-4.733	0.351	0.786	9.558e-01
KLF17	-1.178	8.806e-01	-6.503	0.354	0.787	9.564e-01
ZNF197	-1.095	8.632e-01	-7.619	0.356	0.789	9.575e-01
ZNF121	-1.550	9.395e-01	-5.638	0.365	0.789	9.575e-01
COPS2	-0.848	8.019e-01	-10.992	0.352	0.789	9.580e-01
ZBTB33	-3.288	9.995e-01	-16.988	0.411	0.793	9.599e-01
KLF7	-0.966	8.331e-01	-13.009	0.362	0.793	9.599e-01
DNMT3B	-2.155	9.844e-01	-4.478	0.367	0.796	9.615e-01
MKL1	-0.916	8.201e-01	-9.435	0.348	0.796	9.615e-01
MYCN	-2.499	9.938e-01	-13.545	0.399	0.797	9.625e-01
TET1	-0.890	8.132e-01	-11.877	0.350	0.799	9.633e-01
MAZ	-2.477	9.934e-01	-8.286	0.387	0.799	9.637e-01
ZKSCAN8	-1.228	8.902e-01	-7.570	0.357	0.799	9.637e-01
HDAC1	-3.593	9.998e-01	-14.397	0.405	0.800	9.641e-01
NR2C2	-3.147	9.992e-01	-17.356	0.406	0.801	9.647e-01
TRRAP	-1.084	8.609e-01	-10.250	0.358	0.801	9.647e-01
SETD1A	-1.222	8.891e-01	-9.769	0.364	0.801	9.647e-01
ASXL1	-0.847	8.015e-01	-14.090	0.352	0.801	9.647e-01
ZNF83	-1.281	8.998e-01	-11.510	0.371	0.802	9.651e-01
RUVBL1	-0.834	7.980e-01	-15.697	0.353	0.802	9.651e-01
HOXA4	-0.909	8.183e-01	-11.477	0.348	0.802	9.651e-01
HLTF	-1.282	9.000e-01	-7.183	0.352	0.803	9.654e-01
INTS12	-0.936	8.253e-01	-9.902	0.347	0.803	9.654e-01
NFYB	-1.420	9.222e-01	-8.229	0.370	0.803	9.658e-01
E2F3	-0.924	8.222e-01	-11.040	0.348	0.804	9.660e-01
DPF1	-1.457	9.275e-01	-9.032	0.373	0.804	9.662e-01
PHIP	-1.998	9.772e-01	-7.520	0.377	0.806	9.673e-01
ID3	-1.290	9.015e-01	-7.132	0.350	0.807	9.678e-01
ZNF282	-1.662	9.518e-01	-3.565	0.335	0.808	9.680e-01
MXD3	-0.874	8.090e-01	-14.567	0.351	0.808	9.680e-01
TAF7	-1.606	9.459e-01	-12.997	0.381	0.809	9.687e-01
TFDP1	-2.131	9.835e-01	-16.003	0.392	0.812	9.703e-01
ZNF783	-1.217	8.883e-01	-6.160	0.329	0.813	9.708e-01
SIN3A	-3.644	9.999e-01	-24.949	0.408	0.814	9.710e-01
HDAC8	-1.445	9.257e-01	-8.713	0.364	0.814	9.711e-01
RFX2	-0.900	8.158e-01	-16.008	0.349	0.814	9.711e-01
IRF3	-1.252	8.946e-01	-13.980	0.368	0.815	9.715e-01
IRAK1	-0.924	8.224e-01	-13.668	0.348	0.815	9.715e-01
MNT	-1.457	9.275e-01	-8.900	0.365	0.815	9.716e-01
KRAB	-1.939	9.737e-01	-7.438	0.371	0.815	9.716e-01
TGIF2	-1.242	8.929e-01	-9.695	0.355	0.816	9.718e-01
GLIS2	-1.479	9.305e-01	-5.617	0.340	0.816	9.721e-01
ZBTB7B	-0.920	8.212e-01	-14.602	0.348	0.817	9.723e-01
SREBF1	-1.392	9.181e-01	-12.698	0.371	0.817	9.726e-01
ZBTB14	-1.246	8.935e-01	-6.128	0.327	0.817	9.726e-01
BPTF	-0.974	8.351e-01	-13.062	0.344	0.820	9.739e-01
PRAME	-1.050	8.532e-01	-11.299	0.340	0.821	9.741e-01
PCGF1	-1.751	9.600e-01	-5.902	0.352	0.822	9.747e-01
NFRKB	-1.302	9.036e-01	-8.203	0.348	0.823	9.751e-01
STAT2	-1.667	9.522e-01	-8.988	0.367	0.824	9.754e-01
PAF1	-4.973	1.000e+00	-29.093	0.407	0.826	9.763e-01
KAT8	-1.656	9.511e-01	-10.039	0.368	0.826	9.765e-01
MXI1	-2.071	9.808e-01	-17.439	0.387	0.828	9.771e-01
EGR1	-2.389	9.916e-01	-12.383	0.382	0.828	9.771e-01
BRD2	-2.697	9.965e-01	-25.337	0.396	0.829	9.775e-01
REL	-1.492	9.322e-01	-7.623	0.352	0.829	9.776e-01
LEO1	-1.328	9.079e-01	-6.060	0.323	0.830	9.778e-01
HOXA6	-1.042	8.513e-01	-13.941	0.340	0.830	9.780e-01
ZNF281	-1.205	8.859e-01	-8.610	0.330	0.831	9.783e-01
IRAK4	-0.965	8.328e-01	-17.643	0.345	0.831	9.785e-01
ZNF75A	-0.959	8.312e-01	-20.679	0.345	0.835	9.797e-01
CCNT2	-1.124	8.696e-01	-11.323	0.335	0.835	9.798e-01
PATZ1	-1.644	9.499e-01	-8.720	0.356	0.837	9.803e-01
MAFB	-1.037	8.500e-01	-16.607	0.341	0.837	9.803e-01
RAG2	-1.209	8.867e-01	-9.189	0.330	0.837	9.805e-01
KLF1	-2.511	9.940e-01	-9.809	0.374	0.837	9.806e-01
RBBP5	-2.479	9.934e-01	-11.929	0.377	0.838	9.807e-01
ZNF639	-2.170	9.850e-01	-16.295	0.382	0.838	9.810e-01
TDRD3	-0.968	8.334e-01	-22.463	0.345	0.839	9.812e-01
KDM4C	-1.123	8.692e-01	-13.096	0.335	0.841	9.818e-01
HOXA1	-1.083	8.607e-01	-16.055	0.338	0.842	9.822e-01
SREBF2	-1.160	8.771e-01	-12.041	0.333	0.842	9.823e-01
GTF3C2	-1.595	9.446e-01	-9.061	0.351	0.843	9.825e-01
BCL11B	-2.606	9.954e-01	-22.691	0.387	0.843	9.826e-01
ZNF687	-1.614	9.467e-01	-6.855	0.335	0.843	9.827e-01
E2F1	-8.057	1.000e+00	-26.549	0.398	0.844	9.828e-01
GABP	-1.347	9.111e-01	-13.611	0.354	0.844	9.829e-01
HDAC6	-1.353	9.120e-01	-13.238	0.352	0.845	9.832e-01
SP3	-1.330	9.083e-01	-12.490	0.348	0.846	9.835e-01
SNAPC1	-1.093	8.628e-01	-17.906	0.337	0.849	9.845e-01
HBP1	-1.330	9.083e-01	-13.935	0.349	0.849	9.846e-01
GABPA	-4.014	1.000e+00	-22.557	0.391	0.850	9.848e-01
NCAPH2	-1.984	9.764e-01	-5.105	0.320	0.851	9.852e-01
INTS11	-2.289	9.890e-01	-6.116	0.342	0.852	9.854e-01
ELK3	-1.087	8.616e-01	-22.353	0.337	0.853	9.856e-01
ASCL2	-1.143	8.736e-01	-16.216	0.334	0.855	9.862e-01
ATF1	-2.482	9.935e-01	-16.386	0.377	0.855	9.863e-01
MBTD1	-1.118	8.682e-01	-18.613	0.335	0.856	9.864e-01
RBL2	-2.200	9.861e-01	-26.971	0.383	0.856	9.866e-01
ARNT2	-1.200	8.850e-01	-15.111	0.330	0.856	9.866e-01
TBP	-2.314	9.897e-01	-23.077	0.380	0.857	9.867e-01
KLF6	-1.218	8.884e-01	-13.831	0.329	0.857	9.868e-01
ETS1	-3.943	1.000e+00	-13.701	0.378	0.858	9.872e-01
SIX5	-1.839	9.671e-01	-18.041	0.369	0.859	9.874e-01
E2F4	-2.719	9.967e-01	-53.502	0.392	0.860	9.875e-01
CDK6	-1.116	8.677e-01	-23.281	0.335	0.861	9.879e-01
MCRS1	-1.074	8.586e-01	-27.447	0.338	0.862	9.882e-01
ELF1	-3.061	9.989e-01	-29.597	0.387	0.862	9.883e-01
HMGN3	-1.282	9.000e-01	-13.642	0.325	0.864	9.887e-01
FGFR1	-1.720	9.573e-01	-9.003	0.336	0.865	9.890e-01
PHF6	-1.317	9.061e-01	-13.015	0.323	0.868	9.896e-01
ATOH1	-1.098	8.640e-01	-29.914	0.337	0.869	9.899e-01
NPAT	-1.211	8.871e-01	-18.887	0.329	0.869	9.899e-01
KDM4B	-1.429	9.235e-01	-18.931	0.350	0.870	9.901e-01
FEV	-1.302	9.035e-01	-14.573	0.324	0.872	9.906e-01
KLF9	-3.003	9.987e-01	-12.356	0.361	0.875	9.912e-01
ZNF711	-1.174	8.799e-01	-26.738	0.332	0.877	9.917e-01
HCFC1	-2.494	9.937e-01	-34.265	0.379	0.877	9.917e-01
TAF1	-3.499	9.998e-01	-32.546	0.381	0.883	9.928e-01
CHD1	-4.131	1.000e+00	-23.293	0.376	0.884	9.929e-01
FOXD2	-1.338	9.096e-01	-16.021	0.322	0.884	9.929e-01
THAP1	-1.260	8.961e-01	-25.087	0.327	0.885	9.932e-01
ELF2	-1.150	8.748e-01	-36.364	0.333	0.885	9.932e-01
ARID2	-1.733	9.585e-01	-18.402	0.349	0.886	9.934e-01
GTF2E2	-1.327	9.078e-01	-19.014	0.323	0.888	9.937e-01
HMGN1	-1.376	9.157e-01	-17.748	0.320	0.893	9.945e-01
GTF2B	-3.417	9.997e-01	-37.317	0.377	0.896	9.950e-01
ZSCAN22	-1.718	9.571e-01	-23.346	0.347	0.896	9.950e-01
KLF12	-1.447	9.260e-01	-17.591	0.317	0.898	9.952e-01
VEZF1	-1.673	9.528e-01	-18.671	0.334	0.899	9.953e-01
ZIC2	-1.331	9.084e-01	-26.237	0.323	0.900	9.956e-01
GMEB1	-1.268	8.976e-01	-38.963	0.326	0.902	9.957e-01
NFAT5	-1.442	9.254e-01	-22.419	0.317	0.903	9.958e-01
KLF10	-1.614	9.468e-01	-25.594	0.335	0.903	9.958e-01
CPSF3L	-2.265	9.883e-01	-32.552	0.360	0.906	9.963e-01
ZBTB11	-2.584	9.951e-01	-26.649	0.357	0.907	9.964e-01
BARX2	-1.316	9.058e-01	-35.130	0.323	0.907	9.964e-01
ZBTB10	-1.406	9.201e-01	-26.029	0.319	0.908	9.965e-01
DEAF1	-1.292	9.018e-01	-47.004	0.325	0.908	9.965e-01
ELL2	-3.213	9.993e-01	-24.226	0.360	0.908	9.965e-01
ORC1	-1.355	9.123e-01	-29.363	0.321	0.909	9.967e-01
SP2	-2.612	9.955e-01	-17.041	0.343	0.909	9.967e-01
SUPT5H	-3.639	9.999e-01	-28.693	0.364	0.910	9.967e-01
NKRF	-1.845	9.675e-01	-19.536	0.328	0.911	9.968e-01
HEY1	-1.833	9.666e-01	-18.502	0.325	0.911	9.968e-01
KMT2D	-3.064	9.989e-01	-26.073	0.359	0.911	9.968e-01
SRSF3	-1.665	9.520e-01	-30.230	0.336	0.912	9.969e-01
POLR2B	-1.953	9.746e-01	-25.719	0.339	0.912	9.969e-01
SAP30	-2.987	9.986e-01	-23.810	0.352	0.913	9.971e-01
OGT	-2.240	9.874e-01	-39.223	0.357	0.914	9.972e-01
KLF13	-1.852	9.680e-01	-22.825	0.326	0.916	9.974e-01
MAPK1	-2.347	9.905e-01	-12.872	0.302	0.918	9.975e-01
NRF1	-6.116	1.000e+00	-30.255	0.363	0.920	9.977e-01
NFYA	-2.746	9.970e-01	-25.014	0.346	0.922	9.978e-01
TAF3	-1.604	9.456e-01	-26.727	0.306	0.925	9.981e-01
CSNK2A1	-1.499	9.331e-01	-32.276	0.313	0.925	9.981e-01
RBCK1	-1.491	9.320e-01	-33.153	0.314	0.925	9.981e-01
SMAD5	-1.926	9.730e-01	-24.699	0.322	0.926	9.982e-01
NFYC	-1.485	9.312e-01	-35.926	0.314	0.927	9.982e-01
TCOF1	-1.710	9.564e-01	-23.224	0.291	0.927	9.983e-01
FXR1	-1.728	9.580e-01	-22.962	0.276	0.928	9.983e-01
SPIN1	-1.526	9.364e-01	-34.150	0.311	0.929	9.984e-01
ELK1	-3.149	9.992e-01	-30.671	0.348	0.932	9.986e-01
ZNF131	-1.526	9.365e-01	-43.126	0.311	0.934	9.987e-01
FAM208A	-2.253	9.879e-01	-20.373	0.309	0.935	9.988e-01
BRD1	-1.698	9.553e-01	-28.100	0.294	0.935	9.988e-01
AUTS2	-1.659	9.514e-01	-32.443	0.301	0.935	9.988e-01
KAT7	-1.689	9.544e-01	-30.716	0.296	0.938	9.989e-01
DCP1A	-1.881	9.700e-01	-57.583	0.328	0.938	9.989e-01
RBP2	-1.602	9.454e-01	-244.768	0.306	0.941	9.991e-01
PHF2	-2.120	9.830e-01	-29.409	0.314	0.943	9.991e-01
EMSY	-1.629	9.483e-01	-71.459	0.304	0.943	9.991e-01
ELK4	-2.638	9.958e-01	-32.496	0.330	0.944	9.992e-01
TAFII	-2.024	9.785e-01	-38.611	0.323	0.944	9.992e-01
EPC1	-2.135	9.836e-01	-36.705	0.316	0.950	9.995e-01
BRPF3	-2.899	9.981e-01	-23.670	0.302	0.952	9.995e-01
PHF8	-5.273	1.000e+00	-39.998	0.345	0.954	9.996e-01
KDM5A	-2.757	9.971e-01	-47.878	0.329	0.955	9.996e-01
RPE	-2.875	9.980e-01	-34.024	0.321	0.958	9.997e-01
DDX21	-2.217	9.867e-01	-91.148	0.313	0.960	9.997e-01
KAT5	-2.624	9.957e-01	-41.952	0.318	0.961	9.997e-01
GMEB2	-2.397	9.917e-01	-160.999	0.299	0.968	9.999e-01
U2AF1	-3.007	9.987e-01	-59.299	0.316	0.969	9.999e-01
NELFA	-4.982	1.000e+00	-83.697	0.327	0.971	9.999e-01
